255
0,2,0,0,0,0,0,0,2,0,0,0,0,0,0,0,#0
0,0,0,0,0,2,0,0,0,0,0,0,2,2,0,0,#4
0,0,0,0,0,0,0,2,0,0,0,2,0,0,0,4,#8
4,0,0,0,0,0,0,0,0,0,0,4,0,0,0,4,#8
0,0,0,4,0,0,0,4,0,0,0,4,0,0,0,4,#24
2,0,0,0,0,0,0,0,0,0,0,8,0,0,0,8,#24
0,0,0,2,0,0,0,0,2,0,0,8,0,0,0,8,#40
0,0,0,0,2,0,0,0,0,0,0,2,2,0,0,16,#40
0,0,0,0,0,0,0,2,4,0,0,2,0,0,2,16,#44
0,0,0,0,0,0,0,0,0,0,0,4,4,2,2,16,#48
0,0,0,0,0,2,0,0,0,0,0,4,0,4,4,16,#48
2,0,0,0,0,0,0,0,0,2,0,4,0,4,4,16,#56
4,0,0,2,0,0,0,0,0,0,2,4,0,0,8,16,#56
0,0,0,0,0,0,0,2,0,0,2,4,4,2,8,16,#56
4,2,2,2,0,0,8,4,0,2,0,16,0,0,0,0,#60
0,0,0,0,0,0,0,2,0,2,2,4,4,4,8,16,#72
0,0,0,2,0,0,0,2,0,0,4,4,0,8,8,16,#76
0,0,0,0,0,2,0,4,0,0,4,4,0,8,8,16,#100
0,0,0,2,0,0,2,4,0,0,0,8,0,0,16,16,#100
0,0,0,2,0,0,0,4,0,2,2,8,0,0,16,16,#136
0,0,0,2,0,0,4,4,0,0,4,8,0,0,0,32,#144
0,0,0,2,0,0,0,4,0,2,0,8,0,0,8,32,#144
0,0,0,2,0,0,2,4,0,0,2,8,0,0,8,32,#148
0,0,0,2,0,0,4,4,0,0,4,8,0,0,8,32,#156
0,0,0,2,0,0,0,8,0,0,4,8,0,2,8,32,#172
0,0,0,2,0,0,0,2,0,0,4,16,0,2,8,32,#176
0,0,0,0,0,0,2,4,0,0,4,16,0,2,8,32,#176
0,2,2,4,0,0,4,16,0,0,8,32,2,0,0,0,#176
2,0,0,0,0,0,2,4,0,0,4,16,2,2,8,32,#180
0,0,0,2,0,0,2,4,0,0,4,16,2,4,8,32,#180
2,4,2,2,0,0,4,4,0,0,8,16,0,0,2,32,#180
0,0,2,2,0,2,4,4,0,0,8,16,2,4,2,32,#192
0,0,0,4,0,0,2,8,0,2,8,16,2,4,2,32,#192
2,2,2,4,0,4,8,8,0,2,2,16,0,0,0,32,#192
0,0,2,4,0,2,2,8,0,4,8,16,2,2,2,32,#200
0,0,2,4,0,2,4,8,0,4,8,16,0,2,4,32,#200
4,2,2,4,0,4,4,8,0,2,8,16,0,0,4,32,#200
0,0,2,4,0,2,4,8,2,4,8,16,4,2,4,32,#200
2,2,2,4,4,4,4,8,2,2,8,16,0,0,4,32,#200
0,2,2,4,2,2,4,8,4,4,8,16,2,2,4,32,#220
0,0,4,4,2,4,4,8,0,8,8,16,0,4,4,32,#228
0,0,0,4,2,4,8,8,0,8,8,16,2,4,4,32,#268
0,0,0,4,0,2,4,16,0,2,16,16,0,2,8,32,#304
0,0,0,2,0,0,4,4,0,2,16,32,0,4,8,32,#312
0,0,0,2,0,2,0,8,0,2,16,32,0,4,8,32,#380
0,0,0,2,0,0,0,2,0,4,16,8,0,4,8,64,#392
0,8,16,4,0,0,8,8,0,0,0,64,0,2,0,0,#392
0,2,0,0,0,0,0,4,0,8,16,8,0,2,8,64,#392
0,0,0,2,0,0,2,4,0,8,16,8,0,2,8,64,#392
0,8,2,2,0,2,16,4,0,0,8,8,0,2,0,64,#396
0,0,0,2,0,0,2,4,2,8,16,8,0,4,8,64,#396
4,0,0,2,0,0,2,4,0,8,16,8,2,4,8,64,#396
2,0,4,2,0,0,2,4,0,8,16,8,2,4,8,64,#400
0,0,4,2,0,2,2,4,0,8,16,8,4,4,8,64,#412
0,0,4,2,0,0,4,4,0,8,16,8,2,8,8,64,#436
0,0,0,2,0,0,8,4,0,2,16,8,2,16,8,64,#436
2,2,8,2,0,16,16,4,0,0,8,8,2,0,0,64,#440
0,2,0,2,0,0,8,4,0,2,16,8,4,16,8,64,#444
0,2,0,4,0,0,8,4,0,2,16,8,4,16,8,64,#456
0,0,0,2,0,0,8,8,0,4,16,8,4,16,8,64,#472
0,0,0,2,0,0,2,16,0,4,16,8,4,16,8,64,#472
4,4,2,2,0,16,16,16,0,2,8,8,0,0,0,64,#472
0,0,4,2,0,4,2,16,0,16,16,8,4,2,8,64,#504
0,0,4,2,0,4,2,16,0,2,32,8,4,2,8,64,#508
0,0,4,2,0,0,2,16,4,4,32,8,4,4,8,64,#524
0,0,4,2,0,0,2,16,0,8,32,8,2,8,8,64,#540
0,2,4,2,0,0,2,16,0,0,32,8,2,16,8,64,#540
2,0,4,2,0,0,2,16,0,2,32,8,2,16,8,64,#540
0,2,4,2,2,0,2,16,0,2,32,8,2,16,8,64,#548
0,2,4,2,0,0,2,16,0,4,32,8,4,16,8,64,#548
0,0,4,2,2,2,2,16,0,4,32,8,4,16,8,64,#552
0,0,4,2,2,2,4,16,0,4,32,8,4,16,8,64,#560
0,2,0,2,0,2,8,16,2,4,32,8,4,16,8,64,#564
0,2,0,4,0,2,8,16,2,4,32,8,4,16,8,64,#568
0,0,2,4,0,4,8,16,2,4,32,8,4,16,8,64,#576
0,0,2,4,0,2,8,16,2,8,32,8,4,16,8,64,#576
2,4,0,0,2,8,16,2,2,8,32,8,4,16,8,64,#596
0,0,0,2,2,4,16,2,4,16,32,8,4,16,8,64,#640
0,0,0,2,0,0,16,4,2,4,32,8,8,32,8,64,#640
2,4,16,2,8,32,32,4,2,0,8,8,0,0,0,64,#640
0,0,0,2,2,4,16,4,8,4,32,8,2,32,8,64,#648
0,0,2,2,2,0,16,4,8,8,32,8,2,32,8,64,#668
0,2,0,4,0,2,16,4,0,16,32,8,2,32,8,64,#680
0,2,0,0,0,4,16,8,0,16,32,8,2,32,8,64,#680
0,0,0,2,2,4,16,8,0,16,32,8,2,32,8,64,#700
0,0,0,0,2,4,16,2,0,16,32,16,4,32,8,64,#700
0,2,0,0,0,4,16,2,2,16,32,16,4,32,8,64,#700
4,0,0,2,0,4,16,2,2,16,32,16,4,32,8,64,#704
2,0,0,0,4,4,16,4,2,16,32,16,4,32,8,64,#712
2,0,0,2,0,8,16,4,2,16,32,16,4,32,8,64,#716
0,0,2,2,0,8,16,4,4,16,32,16,4,32,8,64,#720
2,0,0,4,0,8,16,4,4,16,32,16,4,32,8,64,#736
2,0,0,0,0,8,16,8,2,16,32,16,8,32,8,64,#736
0,2,0,2,0,8,16,8,2,16,32,16,8,32,8,64,#740
0,4,0,4,0,8,16,8,2,16,32,16,8,32,8,64,#748
0,0,0,8,2,8,16,8,2,16,32,16,8,32,8,64,#768
0,0,0,2,0,8,16,16,4,16,32,16,8,32,8,64,#800
0,0,0,2,2,0,8,32,4,16,32,16,8,32,8,64,#800
0,2,0,2,0,2,8,32,4,16,32,16,8,32,8,64,#804
0,0,0,2,2,4,8,32,4,16,32,16,8,32,8,64,#804
2,0,2,0,2,4,8,32,4,16,32,16,8,32,8,64,#808
0,0,2,4,2,4,8,32,4,16,32,16,8,32,8,64,#808
2,4,2,0,2,4,8,32,4,16,32,16,8,32,8,64,#808
2,2,4,2,2,4,8,32,4,16,32,16,8,32,8,64,#812
2,2,4,2,4,4,8,32,4,16,32,16,8,32,8,64,#824
2,4,4,2,0,8,8,32,4,16,32,16,8,32,8,64,#824
2,4,4,2,2,8,8,32,4,16,32,16,8,32,8,64,#848
0,2,8,2,4,2,16,32,4,16,32,16,8,32,8,64,#860
0,0,8,2,2,4,16,32,8,16,32,16,8,32,8,64,#876
0,0,8,2,2,4,16,32,2,16,32,16,16,32,8,64,#880
2,0,8,2,0,4,16,32,4,16,32,16,16,32,8,64,#880
2,2,8,2,0,4,16,32,4,16,32,16,16,32,8,64,#880
2,2,8,2,2,4,16,32,4,16,32,16,16,32,8,64,#884
2,4,8,2,2,4,16,32,4,16,32,16,16,32,8,64,#896
0,2,8,2,4,8,16,32,4,16,32,16,16,32,8,64,#904
0,2,8,2,2,8,16,32,8,16,32,16,16,32,8,64,#904
2,2,8,2,8,8,16,32,16,16,32,16,2,32,8,64,#956
2,4,8,2,0,16,16,32,0,32,32,16,2,32,8,64,#1024
0,2,8,2,0,4,16,32,0,16,32,16,4,64,8,64,#1024
2,8,2,0,4,16,32,0,16,32,16,2,4,64,8,64,#1024
2,2,8,2,0,4,16,32,16,32,16,2,4,64,8,64,#1056
0,2,2,2,2,4,8,32,16,32,32,2,4,64,8,64,#1124
0,2,2,4,2,4,8,32,0,16,64,2,4,64,8,64,#1124
2,2,2,4,0,4,8,32,2,16,64,2,4,64,8,64,#1128
0,2,4,4,2,4,8,32,2,16,64,2,4,64,8,64,#1132
2,2,4,4,0,4,8,32,4,16,64,2,4,64,8,64,#1144
0,2,4,8,0,4,8,32,4,16,64,2,4,64,8,64,#1152
0,2,4,8,0,4,8,32,2,16,64,2,8,64,8,64,#1152
2,2,4,8,8,4,8,32,2,16,64,2,0,64,8,64,#1152
2,2,4,8,2,4,8,32,8,16,64,2,2,64,8,64,#1156
2,4,4,8,2,4,8,32,8,16,64,2,2,64,8,64,#1168
0,2,4,8,4,8,8,32,8,16,64,2,2,64,8,64,#1184
0,2,4,8,2,4,16,32,8,16,64,2,2,64,8,64,#1184
2,4,8,2,2,4,16,32,8,16,64,2,2,64,8,64,#1196
0,2,8,2,4,8,16,32,8,16,64,2,2,64,8,64,#1196
2,8,2,2,4,8,16,32,8,16,64,2,2,64,8,64,#1200
2,2,8,4,4,8,16,32,8,16,64,2,2,64,8,64,#1204
4,8,4,2,4,8,16,32,8,16,64,2,2,64,8,64,#1228
0,4,4,2,8,16,16,32,8,16,64,2,2,64,8,64,#1268
0,2,8,2,0,8,32,32,8,16,64,2,2,64,8,64,#1332
0,2,8,2,2,0,8,64,8,16,64,2,2,64,8,64,#1332
2,8,2,2,2,8,64,0,8,16,64,2,2,64,8,64,#1484
0,0,0,0,4,16,2,2,8,16,128,4,2,64,8,64,#1488
0,0,0,0,2,4,16,4,8,16,128,4,2,64,8,64,#1496
0,0,0,0,2,4,16,2,8,16,128,8,2,64,8,64,#1496
2,4,16,2,8,16,128,8,2,64,8,64,0,0,0,2,#1496
0,0,2,2,2,4,16,8,8,16,128,64,2,64,8,2,#1500
4,0,2,0,2,4,16,8,8,16,128,64,2,64,8,2,#1500
4,2,2,0,2,4,16,8,8,16,128,64,2,64,8,2,#1504
0,2,4,4,2,4,16,8,8,16,128,64,2,64,8,2,#1512
2,8,2,0,2,4,16,8,8,16,128,64,2,64,8,2,#1516
0,8,2,4,4,4,16,8,8,16,128,64,2,64,8,2,#1524
8,2,4,2,8,16,8,0,8,16,128,64,2,64,8,2,#1572
0,0,4,4,8,2,8,2,16,32,128,64,2,64,8,2,#1580
0,0,2,8,8,2,8,2,16,32,128,64,2,64,8,2,#1580
2,8,2,0,8,2,8,2,16,32,128,64,2,64,8,2,#1580
2,2,8,2,8,2,8,2,16,32,128,64,2,64,8,2,#1604
2,0,2,0,8,4,16,4,16,32,128,64,2,64,8,2,#1608
2,0,0,4,8,4,16,4,16,32,128,64,2,64,8,2,#1616
2,0,0,2,8,4,16,8,16,32,128,64,2,64,8,2,#1620
4,0,2,0,8,4,16,8,16,32,128,64,2,64,8,2,#1620
4,2,2,0,8,4,16,8,16,32,128,64,2,64,8,2,#1624
0,2,4,4,8,4,16,8,16,32,128,64,2,64,8,2,#1632
2,0,2,8,8,4,16,8,16,32,128,64,2,64,8,2,#1648
2,0,2,4,8,4,16,16,16,32,128,64,2,64,8,2,#1684
4,4,2,0,8,4,32,0,16,32,128,64,2,64,8,2,#1692
4,2,2,0,8,8,32,0,16,32,128,64,2,64,8,2,#1712
4,0,4,4,0,0,16,32,16,32,128,64,2,64,8,2,#1720
8,4,2,0,16,32,0,0,16,32,128,64,2,64,8,2,#1816
0,0,0,2,8,4,2,0,32,64,128,64,2,64,8,2,#1944
0,0,0,2,8,0,2,2,32,4,128,64,2,128,8,2,#1948
2,0,2,0,8,4,0,0,32,4,128,64,2,128,8,2,#1952
2,0,0,4,0,0,8,4,32,4,128,64,2,128,8,2,#1960
0,2,0,0,2,0,8,8,32,4,128,64,2,128,8,2,#1976
2,0,2,0,2,16,0,0,32,4,128,64,2,128,8,2,#1980
4,0,0,2,2,16,0,0,32,4,128,64,2,128,8,2,#1980
0,2,4,2,0,0,2,16,32,4,128,64,2,128,8,2,#1980
0,2,4,2,0,2,2,16,32,4,128,64,2,128,8,2,#1984
2,4,2,0,4,16,2,0,32,4,128,64,2,128,8,2,#1984
2,2,4,2,0,4,16,2,32,4,128,64,2,128,8,2,#1996
2,0,4,0,2,2,16,4,32,8,128,64,2,128,8,2,#2000
0,2,2,4,0,4,16,4,32,8,128,64,2,128,8,2,#2008
2,2,2,0,0,4,16,8,32,8,128,64,2,128,8,2,#2012
4,2,2,0,4,16,8,0,32,8,128,64,2,128,8,2,#2020
0,2,2,2,8,16,8,0,32,8,128,64,2,128,8,2,#2024
4,2,0,2,8,16,8,0,32,8,128,64,2,128,8,2,#2028
4,4,2,0,8,16,8,0,32,8,128,64,2,128,8,2,#2036
8,2,0,4,8,16,8,0,32,8,128,64,2,128,8,2,#2052
0,2,2,0,16,16,8,4,32,8,128,64,2,128,8,2,#2088
4,0,0,4,0,32,8,4,32,8,128,64,2,128,8,2,#2096
8,0,0,2,32,8,4,0,32,8,128,64,2,128,8,2,#2176
0,0,0,2,8,0,4,2,64,16,128,64,2,128,8,2,#2180
0,2,0,0,8,0,4,4,64,16,128,64,2,128,8,2,#2188
2,0,0,2,0,0,8,8,64,16,128,64,2,128,8,2,#2188
0,0,2,2,2,0,8,8,64,16,128,64,2,128,8,2,#2208
0,0,2,4,0,0,2,16,64,16,128,64,2,128,8,2,#2212
2,0,0,4,0,0,4,16,64,16,128,64,2,128,8,2,#2212
2,16,4,4,64,128,128,16,2,0,8,64,0,0,2,2,#2480
2,16,8,0,64,256,16,0,2,8,64,0,4,0,2,0,#2480
2,0,8,0,64,16,16,2,2,256,64,0,4,8,2,0,#2512
2,8,0,0,64,32,2,0,2,256,64,2,4,8,2,0,#2512
2,8,2,0,64,32,2,0,2,256,64,0,4,8,2,2,#2516
2,8,2,2,64,32,2,0,2,256,64,0,4,8,4,0,#2520
2,8,4,0,64,32,2,0,2,256,64,2,4,8,4,0,#2520
2,8,4,2,64,32,2,0,2,256,64,0,4,8,4,2,#2524
2,8,4,0,64,32,2,0,2,256,64,2,4,8,4,4,#2532
2,8,4,2,64,32,2,0,2,256,64,2,4,8,8,0,#2536
2,8,4,4,64,32,2,2,2,256,64,0,4,8,8,0,#2564
2,8,8,0,64,32,4,0,2,256,64,2,4,16,0,0,#2564
2,8,8,2,64,32,4,0,2,256,64,4,4,16,0,0,#2580
0,2,16,2,2,64,32,4,2,256,64,4,0,0,4,16,#2592
0,0,16,2,0,2,32,2,0,64,64,8,4,256,4,16,#2720
2,0,16,2,0,2,32,2,0,0,128,8,4,256,4,16,#2720
0,2,16,2,2,2,32,2,0,0,128,8,4,256,4,16,#2728
0,0,16,0,0,2,32,4,2,4,128,8,4,256,4,16,#2728
16,2,0,0,2,32,4,0,2,4,128,8,4,256,4,16,#2732
0,2,0,0,16,32,4,2,4,4,128,8,4,256,4,16,#2740
0,2,0,0,2,32,4,2,16,4,128,8,8,256,4,16,#2740
2,0,2,0,2,32,4,2,16,4,128,8,8,256,4,16,#2744
0,2,2,0,4,32,4,2,16,4,128,8,8,256,4,16,#2748
0,0,2,4,4,32,4,2,16,4,128,8,8,256,4,16,#2748
2,4,0,2,4,32,4,2,16,4,128,8,8,256,4,16,#2752
2,4,2,0,4,32,4,4,16,4,128,8,8,256,4,16,#2760
0,2,4,2,4,4,32,8,16,4,128,8,8,256,4,16,#2784
2,0,4,0,4,2,32,2,16,8,128,16,8,256,4,16,#2784
0,2,2,4,4,2,32,2,16,8,128,16,8,256,4,16,#2820
2,0,2,0,4,4,32,4,16,8,128,2,8,256,4,32,#2832
4,2,0,0,8,32,4,0,16,8,128,2,8,256,4,32,#2832
0,0,4,2,2,8,32,4,16,8,128,2,8,256,4,32,#2848
0,2,4,2,2,0,32,4,16,16,128,2,8,256,4,32,#2848
0,2,4,2,2,2,32,4,16,16,128,2,8,256,4,32,#2884
0,2,4,2,0,4,32,4,2,32,128,2,8,256,4,32,#2884
2,4,2,0,4,32,4,2,2,32,128,2,8,256,4,32,#2952
2,0,2,2,4,4,4,0,2,64,128,4,8,256,4,32,#2952
2,2,2,0,4,4,4,2,2,64,128,4,8,256,4,32,#2964
4,2,0,0,8,4,2,2,2,64,128,4,8,256,4,32,#2968
4,2,0,2,8,4,4,0,2,64,128,4,8,256,4,32,#2968
4,2,0,2,8,4,4,2,2,64,128,4,8,256,4,32,#2972
4,2,2,0,8,4,4,4,2,64,128,4,8,256,4,32,#2984
4,4,0,0,8,8,4,4,2,64,128,4,8,256,4,32,#3016
8,0,0,0,16,8,2,0,2,64,128,4,8,256,4,32,#3016
0,0,2,8,0,16,8,2,2,64,128,4,8,256,4,32,#3016
2,8,0,0,16,8,2,2,2,64,128,4,8,256,4,32,#3032
2,2,0,0,16,16,2,2,2,64,128,4,8,256,4,32,#3072
4,0,0,0,32,4,2,0,2,64,128,4,8,256,4,32,#3072
0,0,0,4,2,32,4,2,2,64,128,4,8,256,4,32,#3076
0,0,2,4,0,32,4,2,4,64,128,4,8,256,4,32,#3076
2,4,0,2,32,4,2,0,4,64,128,4,8,256,4,32,#3084
2,2,0,0,32,8,2,2,4,64,128,4,8,256,4,32,#3092
0,0,0,4,2,32,8,4,4,64,128,4,8,256,4,32,#3100
0,2,0,0,2,32,8,4,4,64,128,8,8,256,4,32,#3100
2,0,2,0,2,32,8,4,4,64,128,8,8,256,4,32,#3108
0,2,2,0,4,32,8,4,4,64,128,8,8,256,4,32,#3116
0,2,2,0,2,32,8,4,8,64,128,8,8,256,4,32,#3120
0,0,2,4,2,32,8,4,8,64,128,8,8,256,4,32,#3120
