1629
0,0,0,0,0,0,0,0,2,0,0,0,0,0,0,4,#0
0,0,0,0,0,0,0,0,0,0,0,2,2,0,0,4,#0
0,0,0,0,2,0,0,0,0,0,0,2,0,0,2,4,#0
0,0,0,0,0,0,0,0,4,0,0,2,2,0,2,4,#0
0,0,0,0,0,0,0,0,0,0,4,2,0,2,4,4,#4
0,0,0,0,2,0,0,0,0,0,4,2,0,0,2,8,#12
2,0,0,0,0,0,0,0,0,0,4,2,2,0,2,8,#12
0,0,0,0,0,0,0,0,0,0,4,2,4,2,2,8,#16
0,0,0,2,0,0,0,0,0,0,4,2,0,4,4,8,#20
0,0,0,0,0,0,2,0,0,0,0,4,0,4,8,8,#32
0,0,0,0,0,0,0,2,0,0,2,4,0,0,4,16,#48
0,0,2,2,0,0,4,4,0,2,0,16,0,0,0,0,#48
0,0,0,0,0,0,0,2,2,0,2,4,0,2,4,16,#48
2,0,0,0,0,0,0,2,0,0,4,4,0,2,4,16,#52
0,2,0,0,0,0,0,2,0,0,0,4,2,2,8,16,#60
0,0,2,2,0,0,0,2,0,0,0,4,0,4,8,16,#64
2,0,0,0,0,0,0,4,0,0,2,4,0,4,8,16,#68
2,0,0,0,0,0,0,0,0,0,2,8,2,4,8,16,#76
0,0,0,0,0,0,0,2,0,0,2,8,4,4,8,16,#80
0,0,0,2,0,0,0,2,0,0,2,8,0,8,8,16,#88
0,2,0,0,0,0,0,4,0,0,2,8,0,8,8,16,#92
0,0,2,0,0,0,0,4,0,2,2,8,0,8,8,16,#92
0,0,0,2,0,0,0,4,0,2,4,8,0,8,8,16,#96
2,0,0,2,0,0,0,4,0,2,4,8,0,0,16,16,#112
0,0,0,2,0,0,0,4,0,2,4,8,2,2,16,16,#112
0,0,0,2,0,0,0,4,2,0,4,8,2,4,16,16,#116
0,2,0,2,0,0,0,4,0,2,4,8,0,2,4,32,#148
0,0,0,2,0,0,0,4,0,2,0,8,2,4,8,32,#160
0,0,0,2,0,0,0,4,0,2,2,8,2,4,8,32,#160
0,0,0,2,0,0,2,4,0,0,4,8,2,4,8,32,#164
2,4,2,2,0,0,4,4,2,0,8,8,0,0,0,32,#164
4,2,4,4,0,0,0,8,0,0,2,16,0,0,0,32,#192
0,2,0,4,0,0,0,8,0,0,4,16,4,2,2,32,#192
2,0,0,4,0,0,0,8,0,0,4,16,4,4,2,32,#196
0,2,2,4,0,0,0,8,0,0,4,16,0,8,2,32,#204
0,2,2,4,0,8,4,8,2,0,2,16,0,0,0,32,#204
0,0,4,4,0,8,4,8,0,2,4,16,0,0,0,32,#212
0,8,8,4,0,2,4,8,0,0,2,16,0,0,0,32,#220
0,0,2,4,0,0,8,8,0,8,4,16,0,2,2,32,#220
0,2,2,4,0,0,0,16,0,8,4,16,0,0,4,32,#240
0,0,0,0,2,0,0,4,0,2,2,32,0,8,8,32,#280
0,0,0,0,2,0,0,0,0,2,2,4,2,8,8,64,#344
0,0,0,0,0,0,0,2,0,2,2,4,4,8,8,64,#348
0,2,0,0,0,0,0,2,0,0,4,4,0,4,16,64,#368
0,0,0,2,0,0,0,2,2,0,0,8,0,4,16,64,#376
2,0,0,0,0,0,0,4,0,0,0,8,2,4,16,64,#380
0,0,0,0,0,0,0,4,0,2,0,8,4,4,16,64,#384
0,0,0,0,0,0,0,4,0,2,2,8,0,8,16,64,#392
0,0,0,0,0,0,2,4,0,0,4,8,0,8,16,64,#396
0,0,0,0,2,4,0,0,4,8,2,0,8,16,64,0,#396
2,0,0,0,0,0,2,4,0,4,8,2,0,8,16,64,#396
0,0,2,0,0,0,2,4,0,4,8,2,2,8,16,64,#396
0,0,0,2,0,0,4,4,0,4,8,2,2,8,16,64,#400
0,0,0,2,0,0,0,8,2,4,8,2,2,8,16,64,#408
0,0,2,2,0,0,0,8,0,4,8,2,4,8,16,64,#412
4,2,0,0,8,0,0,0,4,8,2,0,4,8,16,64,#416
0,0,2,0,4,0,0,0,8,2,2,0,8,16,16,64,#440
0,2,0,0,0,0,0,0,4,2,4,0,16,16,16,64,#460
0,2,0,2,0,0,0,0,0,4,2,4,0,16,32,64,#492
0,0,2,4,0,0,0,0,0,4,2,4,0,16,32,64,#496
0,0,0,0,0,0,0,2,0,4,4,8,0,16,32,64,#508
0,0,2,0,0,0,0,2,0,0,8,8,0,16,32,64,#516
0,0,0,2,0,0,0,2,0,0,2,16,0,16,32,64,#532
0,0,2,0,0,0,0,4,0,0,2,16,0,16,32,64,#536
2,0,0,0,0,0,0,4,0,0,4,16,0,16,32,64,#540
4,0,0,0,0,0,0,4,0,0,4,16,2,16,32,64,#540
2,0,0,4,0,0,0,4,0,0,4,16,2,16,32,64,#540
0,0,0,0,2,0,0,8,0,0,4,16,4,16,32,64,#552
0,0,2,0,0,0,0,8,2,0,4,16,4,16,32,64,#552
0,0,0,0,0,2,2,8,2,0,4,16,4,16,32,64,#552
0,0,0,0,2,0,2,8,2,2,4,16,4,16,32,64,#552
0,0,0,2,0,0,4,8,0,4,4,16,4,16,32,64,#560
0,2,0,2,0,0,0,8,0,4,8,16,4,16,32,64,#568
0,0,0,2,0,2,2,8,0,4,8,16,4,16,32,64,#568
0,0,0,2,0,2,4,8,0,4,8,16,4,16,32,64,#572
2,0,0,0,2,4,8,0,4,8,16,2,4,16,32,64,#572
0,0,0,2,0,4,8,0,4,8,16,2,8,16,32,64,#584
2,2,0,0,4,8,0,0,4,8,16,2,8,16,32,64,#584
0,0,0,0,2,2,0,2,8,16,16,2,8,16,32,64,#608
0,0,2,0,0,0,0,0,2,2,16,4,16,32,32,64,#660
0,0,0,2,0,2,0,0,0,4,16,4,0,16,64,64,#728
0,0,0,0,0,2,0,2,0,4,16,4,2,16,64,64,#728
0,0,0,0,0,2,0,4,0,4,16,4,0,2,16,128,#860
0,0,0,0,2,2,0,0,0,4,0,8,0,2,32,128,#900
0,0,0,0,0,0,0,4,0,2,4,8,0,2,32,128,#904
0,0,0,0,0,0,0,4,2,0,4,8,0,4,32,128,#908
0,2,0,0,0,0,0,4,0,2,4,8,0,4,32,128,#908
2,0,0,0,0,0,0,4,0,4,4,8,0,4,32,128,#912
0,0,0,2,0,0,0,4,0,0,4,8,2,8,32,128,#920
2,0,0,2,4,0,0,0,4,8,0,0,2,8,32,128,#920
0,0,0,0,2,2,0,0,8,0,0,2,2,16,32,128,#944
0,0,0,2,2,0,0,0,8,2,0,2,2,16,32,128,#944
0,2,0,2,0,0,0,2,0,0,8,4,2,16,32,128,#948
0,2,0,0,0,0,0,4,0,2,8,4,2,16,32,128,#952
0,0,0,2,2,0,0,4,0,2,8,4,2,16,32,128,#952
0,0,0,0,0,0,0,2,2,2,8,8,4,16,32,128,#964
0,0,0,0,0,0,0,2,2,0,4,16,4,16,32,128,#984
0,0,0,0,2,0,0,2,2,4,16,0,4,16,32,128,#984
2,0,0,0,0,0,0,0,4,4,16,2,4,16,32,128,#988
0,0,0,0,0,0,2,0,2,4,16,2,8,16,32,128,#996
0,0,0,0,0,0,2,2,2,4,16,2,8,16,32,128,#996
0,0,0,0,2,0,2,0,2,4,16,4,8,16,32,128,#1000
0,0,0,2,0,0,0,4,2,4,16,4,8,16,32,128,#1004
0,0,0,0,0,2,0,2,2,4,16,8,8,16,32,128,#1012
2,0,0,0,0,0,0,4,2,4,16,8,8,16,32,128,#1016
2,0,0,0,0,0,0,4,4,4,16,8,8,16,32,128,#1020
2,0,0,2,0,0,0,4,0,8,16,8,8,16,32,128,#1028
2,0,0,4,0,0,0,4,0,8,16,8,8,16,32,128,#1032
0,0,0,2,0,0,0,8,2,8,16,8,8,16,32,128,#1040
0,0,0,0,0,0,2,2,2,8,16,16,8,16,32,128,#1056
0,0,0,0,0,2,0,4,0,2,8,32,8,16,32,128,#1092
0,2,0,0,0,0,0,4,0,4,8,32,8,16,32,128,#1096
0,0,0,0,0,2,0,4,2,4,8,32,8,16,32,128,#1096
0,0,2,0,2,4,0,0,2,4,8,32,8,16,32,128,#1096
0,0,0,0,0,2,2,0,4,8,8,32,8,16,32,128,#1108
0,0,2,0,0,0,0,4,0,4,16,32,8,16,32,128,#1128
0,0,2,0,0,0,2,4,0,4,16,32,8,16,32,128,#1128
0,0,0,0,0,2,4,4,0,4,16,32,8,16,32,128,#1132
0,0,0,0,0,2,2,8,0,4,16,32,8,16,32,128,#1140
2,0,0,0,0,0,4,8,0,4,16,32,8,16,32,128,#1144
2,0,0,0,0,0,4,8,2,4,16,32,8,16,32,128,#1144
0,0,0,0,4,0,4,8,4,4,16,32,8,16,32,128,#1148
0,0,2,0,0,0,8,8,0,8,16,32,8,16,32,128,#1164
0,0,0,2,0,0,2,16,0,8,16,32,8,16,32,128,#1180
8,8,2,2,0,16,16,16,0,0,32,32,2,0,0,128,#1180
2,0,16,4,0,0,16,32,0,0,0,64,0,0,2,128,#1296
0,0,0,4,0,0,0,32,0,2,32,64,2,0,2,128,#1328
2,2,32,4,2,0,2,32,0,0,0,64,0,0,0,128,#1328
0,4,32,4,0,0,4,32,0,0,0,64,2,0,0,128,#1336
0,0,0,4,0,0,2,32,0,0,32,64,2,4,4,128,#1336
2,0,0,4,0,0,2,32,0,0,32,64,0,2,8,128,#1344
0,0,2,4,0,0,2,32,0,0,32,64,2,2,8,128,#1344
0,0,2,4,0,2,2,32,0,0,32,64,0,4,8,128,#1348
0,0,2,4,0,0,4,32,0,0,32,64,2,4,8,128,#1352
2,4,2,4,0,0,4,32,0,4,32,64,0,0,8,128,#1352
2,8,2,4,0,2,4,32,0,0,32,64,0,0,8,128,#1360
0,2,2,4,0,0,4,32,0,8,32,64,2,2,8,128,#1360
0,0,2,4,2,2,4,32,0,8,32,64,2,2,8,128,#1360
0,2,2,4,0,4,4,32,0,8,32,64,0,4,8,128,#1368
2,0,4,4,0,0,8,32,0,8,32,64,0,4,8,128,#1380
0,2,2,8,0,0,8,32,0,8,32,64,0,4,8,128,#1388
2,0,4,8,0,0,8,32,0,8,32,64,0,4,8,128,#1392
2,0,4,8,0,0,8,32,0,8,32,64,2,4,8,128,#1392
0,0,4,8,2,0,8,32,0,8,32,64,4,4,8,128,#1396
0,2,4,8,0,2,8,32,0,8,32,64,0,8,8,128,#1404
2,2,4,8,0,2,8,32,0,8,32,64,0,0,16,128,#1420
2,4,4,8,0,2,8,32,0,8,32,64,0,0,16,128,#1424
0,2,8,8,0,2,8,32,0,8,32,64,2,0,16,128,#1432
0,0,0,8,0,2,16,32,0,4,32,64,2,8,16,128,#1452
2,2,16,8,0,4,32,32,0,8,16,64,2,0,0,128,#1452
0,4,16,8,0,0,4,64,2,8,16,64,0,0,2,128,#1520
0,0,16,0,0,2,4,8,0,4,16,128,2,8,2,128,#1648
0,0,16,2,0,2,4,0,0,4,16,8,2,8,2,256,#1904
0,0,16,0,2,2,4,2,0,4,16,8,2,8,2,256,#1904
0,0,0,16,2,4,4,2,0,4,16,8,2,8,2,256,#1908
2,0,0,16,0,2,8,2,0,4,16,8,2,8,2,256,#1916
4,2,8,16,2,4,16,2,0,8,2,8,0,0,0,256,#1920
2,0,0,16,0,2,8,2,4,4,16,8,2,8,2,256,#1920
2,0,2,16,0,2,8,2,0,8,16,8,2,8,2,256,#1928
0,0,4,16,2,2,8,2,0,8,16,8,2,8,2,256,#1932
2,0,4,16,0,4,8,2,0,8,16,8,2,8,2,256,#1936
4,4,4,16,0,16,8,2,0,0,16,8,0,2,2,256,#1956
2,4,8,16,0,16,8,2,0,0,16,8,0,0,4,256,#1968
0,4,0,16,0,0,16,2,0,4,16,8,2,16,4,256,#1984
4,16,2,0,16,2,0,0,4,16,8,0,2,16,4,256,#1984
4,0,0,0,16,16,2,0,4,2,8,2,2,32,4,256,#2016
0,0,0,4,2,0,32,2,4,2,8,2,2,32,4,256,#2048
2,0,0,0,2,0,32,4,4,2,8,4,2,32,4,256,#2052
0,0,0,0,4,2,32,0,4,2,8,8,2,32,4,256,#2064
0,2,0,0,0,0,32,0,8,4,8,8,2,32,4,256,#2076
2,0,0,0,0,2,32,0,8,4,8,8,2,32,4,256,#2076
0,0,2,0,2,2,32,0,8,4,8,8,2,32,4,256,#2076
2,0,0,0,4,32,0,0,8,4,16,2,2,32,4,256,#2096
2,0,0,2,0,0,4,32,8,4,16,2,2,32,4,256,#2096
0,2,0,2,2,0,4,32,8,4,16,2,2,32,4,256,#2096
4,0,0,0,2,4,32,2,8,4,16,2,2,32,4,256,#2100
4,0,0,2,2,0,32,0,8,8,16,4,2,32,4,256,#2112
4,2,0,4,2,32,0,0,16,16,4,0,2,32,4,256,#2128
4,2,0,0,2,32,0,0,16,16,4,4,2,32,8,256,#2136
4,2,4,0,2,32,0,0,32,8,0,0,2,32,8,256,#2176
4,2,4,0,2,32,0,0,32,8,4,0,2,32,8,256,#2176
0,4,2,4,0,2,2,32,0,32,8,4,2,32,8,256,#2176
0,0,0,4,2,4,0,32,0,2,4,4,2,64,16,256,#2260
0,0,0,4,4,2,4,32,0,0,2,8,2,64,16,256,#2268
0,0,0,4,2,0,4,32,4,2,2,8,2,64,16,256,#2268
0,0,0,4,0,2,4,32,2,4,4,8,2,64,16,256,#2272
0,0,0,4,0,2,4,32,2,2,8,8,2,64,16,256,#2280
2,0,0,4,0,2,4,32,0,0,4,16,2,64,16,256,#2300
0,2,0,4,0,0,0,32,0,2,8,16,4,64,16,256,#2312
0,0,0,4,2,0,0,32,0,4,8,16,4,64,16,256,#2316
0,0,0,4,2,0,0,32,2,4,8,16,4,64,16,256,#2316
0,0,4,4,0,0,0,32,4,4,8,16,4,64,16,256,#2320
0,2,0,4,0,0,4,32,0,4,8,16,8,64,16,256,#2328
2,4,0,0,4,32,2,0,4,8,16,0,8,64,16,256,#2328
0,4,2,0,2,32,0,0,8,8,2,0,8,64,32,256,#2368
0,0,4,2,0,0,2,32,0,2,16,2,8,64,32,256,#2384
4,2,0,4,2,32,0,0,2,16,2,0,8,64,32,256,#2384
2,2,0,0,4,32,0,0,4,16,2,4,8,64,32,256,#2388
4,0,0,0,4,32,0,4,4,16,2,4,8,64,32,256,#2392
0,0,2,0,4,32,0,0,8,16,2,8,8,64,32,256,#2408
2,0,0,0,0,32,0,0,4,16,4,8,16,64,32,256,#2428
0,2,0,2,0,0,0,32,4,16,4,8,16,64,32,256,#2428
0,2,0,4,0,0,0,32,4,16,4,8,16,64,32,256,#2432
0,0,0,4,0,2,2,32,4,16,4,8,16,64,32,256,#2432
0,2,0,4,0,0,4,32,4,16,4,8,16,64,32,256,#2436
0,2,0,4,0,2,0,32,4,16,8,8,16,64,32,256,#2444
0,0,2,4,0,2,2,32,0,4,16,16,16,64,32,256,#2460
4,0,2,4,0,0,4,32,0,0,4,32,16,64,32,256,#2496
0,0,0,0,2,0,2,4,4,0,8,64,16,64,32,256,#2568
0,0,0,0,0,0,4,4,2,4,8,64,16,64,32,256,#2572
0,0,0,0,0,0,2,8,2,4,8,64,16,64,32,256,#2580
0,0,2,0,2,8,0,0,2,4,8,64,16,64,32,256,#2580
0,0,0,2,0,8,2,0,4,4,8,64,16,64,32,256,#2584
2,0,0,0,0,8,2,2,4,4,8,64,16,64,32,256,#2584
0,0,0,2,0,0,8,4,4,8,8,64,16,64,32,256,#2596
2,0,0,2,0,0,0,4,4,8,16,64,16,64,32,256,#2612
0,0,0,4,0,0,2,4,4,8,16,64,16,64,32,256,#2616
0,0,4,0,0,0,2,8,4,8,16,64,16,64,32,256,#2624
0,0,0,4,0,2,2,8,4,8,16,64,16,64,32,256,#2624
0,2,0,4,0,0,4,8,4,8,16,64,16,64,32,256,#2628
2,0,2,4,0,0,4,8,4,8,16,64,16,64,32,256,#2628
2,0,2,4,2,0,4,8,4,8,16,64,16,64,32,256,#2628
0,0,4,4,2,2,4,8,4,8,16,64,16,64,32,256,#2632
0,2,0,8,0,4,4,8,4,8,16,64,16,64,32,256,#2644
0,2,2,8,0,0,8,8,4,8,16,64,16,64,32,256,#2652
2,0,2,0,0,2,8,16,4,8,16,64,16,64,32,256,#2668
4,0,0,0,2,8,16,2,4,8,16,64,16,64,32,256,#2672
4,0,4,0,2,0,0,2,4,16,32,64,16,64,32,256,#2720
0,0,0,8,2,0,0,4,4,16,32,64,16,64,32,256,#2732
0,2,0,8,0,0,2,4,4,16,32,64,16,64,32,256,#2732
0,0,2,8,0,2,0,4,4,16,2,64,16,64,64,256,#2796
0,0,2,8,0,2,0,4,4,16,4,64,16,64,64,256,#2800
2,0,2,8,0,0,2,4,4,16,4,64,0,16,128,256,#2928
0,0,0,8,2,0,4,4,2,0,4,64,4,32,128,256,#2964
0,2,0,8,0,0,2,8,0,2,4,64,4,32,128,256,#2972
2,8,2,0,2,8,0,0,2,4,64,0,4,32,128,256,#2972
2,0,0,0,2,16,2,0,4,4,64,0,4,32,128,256,#2992
0,0,0,0,2,16,2,0,4,4,64,0,8,32,128,256,#3004
2,0,0,0,0,2,16,2,0,0,8,64,8,32,128,256,#3012
2,0,0,0,0,0,16,2,2,2,8,64,8,32,128,256,#3012
0,0,0,2,0,2,16,2,0,4,8,64,8,32,128,256,#3016
2,0,0,0,0,2,16,4,0,4,8,64,8,32,128,256,#3020
2,0,0,0,0,2,16,4,2,4,8,64,8,32,128,256,#3020
2,0,0,0,0,2,16,4,4,4,8,64,8,32,128,256,#3024
4,0,0,0,2,2,16,4,4,4,8,64,8,32,128,256,#3024
0,0,2,4,0,4,16,4,0,8,8,64,8,32,128,256,#3036
0,0,2,2,0,4,16,8,0,8,8,64,8,32,128,256,#3044
0,0,0,4,2,4,16,8,0,0,16,64,8,32,128,256,#3064
0,0,2,4,0,0,0,8,2,4,32,64,8,32,128,256,#3096
0,0,0,4,2,0,2,8,2,4,32,64,8,32,128,256,#3096
0,0,0,4,2,0,2,8,4,4,32,64,8,32,128,256,#3100
4,0,0,2,4,8,0,0,8,32,64,0,8,32,128,256,#3112
0,0,2,0,0,0,0,0,8,8,64,2,16,64,128,256,#3200
2,0,0,0,0,0,0,2,16,64,2,0,16,64,128,256,#3216
0,0,0,0,2,0,0,0,2,0,2,2,32,128,128,256,#3376
0,0,4,0,0,0,0,2,0,0,2,4,0,32,256,256,#3636
0,0,0,4,0,0,0,2,0,2,2,4,0,0,32,512,#4148
0,2,0,4,0,0,0,2,0,0,4,4,0,0,32,512,#4152
0,0,2,4,0,0,0,2,0,2,0,8,0,0,32,512,#4160
0,2,0,4,0,0,0,2,0,0,2,8,0,2,32,512,#4160
0,0,0,4,0,0,0,2,0,0,2,8,2,4,32,512,#4164
4,0,0,2,2,0,0,0,2,8,0,0,2,4,32,512,#4164
2,0,0,0,4,0,0,0,2,8,0,2,4,4,32,512,#4168
0,0,0,2,2,0,0,4,0,2,8,2,0,8,32,512,#4176
0,2,0,2,0,0,0,4,0,2,8,2,2,8,32,512,#4176
2,0,0,2,0,0,0,4,0,4,8,2,2,8,32,512,#4180
0,0,0,2,2,0,0,4,0,4,8,2,4,8,32,512,#4184
0,0,0,2,0,2,0,4,2,4,8,2,4,8,32,512,#4184
2,0,4,0,2,4,0,0,2,4,8,2,4,8,32,512,#4184
0,0,2,0,2,0,4,0,4,8,8,2,4,8,32,512,#4196
0,0,0,2,2,0,2,4,0,4,16,2,4,8,32,512,#4212
0,2,0,2,0,0,2,4,2,4,16,2,4,8,32,512,#4212
2,0,0,2,0,2,2,4,2,4,16,2,4,8,32,512,#4212
0,2,0,4,0,0,4,4,2,4,16,2,4,8,32,512,#4220
0,0,0,2,0,2,4,8,2,4,16,2,4,8,32,512,#4228
2,0,0,2,2,4,8,0,2,4,16,2,4,8,32,512,#4228
0,0,0,0,2,0,8,2,4,8,16,4,4,8,32,512,#4244
0,0,0,0,2,2,8,2,4,8,16,4,4,8,32,512,#4244
0,0,0,2,0,0,8,2,2,2,16,4,8,16,32,512,#4268
0,0,0,0,0,2,8,4,2,2,16,4,8,16,32,512,#4272
2,0,0,0,0,0,8,0,2,4,16,8,8,16,32,512,#4284
0,0,2,2,0,0,0,8,2,4,16,8,8,16,32,512,#4284
0,0,0,0,4,0,2,2,2,4,16,16,8,16,32,512,#4300
0,0,2,0,0,0,4,4,0,2,4,32,8,16,32,512,#4336
2,0,0,0,0,0,2,4,0,2,8,32,8,16,32,512,#4344
4,0,0,0,0,0,2,4,2,2,8,32,8,16,32,512,#4344
0,0,2,0,4,0,2,4,2,2,8,32,8,16,32,512,#4344
0,2,0,0,4,0,4,4,2,2,8,32,8,16,32,512,#4348
0,4,0,0,4,0,4,4,2,4,8,32,8,16,32,512,#4352
0,0,0,0,4,2,4,4,2,8,8,32,8,16,32,512,#4360
0,0,0,0,4,2,8,0,2,16,32,2,8,16,32,512,#4384
0,0,0,0,4,0,0,2,2,2,8,2,8,32,64,512,#4480
0,2,0,0,0,0,4,2,0,4,8,2,8,32,64,512,#4484
0,0,0,2,0,0,4,2,2,4,8,2,8,32,64,512,#4484
2,0,0,0,0,0,4,2,2,4,8,4,8,32,64,512,#4488
2,0,0,2,0,0,4,2,2,4,8,4,8,32,64,512,#4488
0,0,0,0,0,2,4,4,4,4,8,4,8,32,64,512,#4496
0,0,0,0,0,2,4,4,4,4,8,8,8,32,64,512,#4504
0,2,0,0,0,0,2,8,0,0,8,16,8,32,64,512,#4536
2,0,0,0,0,0,2,8,0,2,8,16,8,32,64,512,#4536
2,0,0,0,0,0,2,8,2,2,8,16,8,32,64,512,#4536
2,0,0,0,2,8,0,2,4,8,16,0,8,32,64,512,#4540
0,0,0,0,4,0,2,0,4,16,16,2,8,32,64,512,#4560
0,0,0,0,2,0,2,0,8,16,16,2,8,32,64,512,#4568
0,0,2,0,0,0,0,4,0,8,32,2,8,32,64,512,#4604
2,0,0,0,0,0,2,4,0,8,32,2,8,32,64,512,#4604
0,2,0,2,0,0,2,4,0,8,32,2,8,32,64,512,#4604
2,0,0,4,0,0,2,4,0,8,32,2,8,32,64,512,#4608
0,0,0,0,2,0,2,8,2,8,32,2,8,32,64,512,#4616
0,0,0,2,0,0,2,8,4,8,32,2,8,32,64,512,#4620
2,0,0,2,2,8,0,0,4,8,32,2,8,32,64,512,#4620
0,0,0,0,4,0,2,0,4,16,32,4,8,32,64,512,#4644
0,0,0,2,0,0,2,0,8,16,32,4,8,32,64,512,#4652
0,0,0,4,0,0,2,2,0,16,32,4,16,32,64,512,#4668
4,2,0,0,4,0,0,0,16,32,4,0,16,32,64,512,#4672
0,2,0,0,0,0,0,0,8,2,4,0,32,64,64,512,#4776
0,0,0,2,2,0,0,0,0,8,2,4,0,32,128,512,#4904
0,2,0,0,0,0,0,2,0,8,2,4,2,32,128,512,#4904
0,2,0,0,0,2,0,2,0,8,2,4,2,32,128,512,#4904
0,0,0,0,0,4,2,2,0,8,2,4,2,32,128,512,#4908
0,0,4,0,0,0,4,4,0,8,2,4,2,32,128,512,#4912
0,0,0,0,0,0,8,0,2,8,2,8,2,32,128,512,#4928
2,0,0,0,0,0,0,8,2,8,2,8,2,32,128,512,#4928
0,0,0,0,0,0,0,2,2,8,2,16,4,32,128,512,#4948
0,0,0,2,2,0,0,0,2,8,2,16,4,32,128,512,#4948
0,0,0,2,0,0,0,2,4,8,2,16,4,32,128,512,#4952
0,0,2,0,0,0,0,4,0,8,2,16,8,32,128,512,#4964
0,0,0,0,0,0,2,4,0,8,4,16,8,32,128,512,#4968
0,0,0,4,2,4,0,0,8,4,16,0,8,32,128,512,#4968
0,0,4,0,0,0,0,0,2,8,16,4,16,32,128,512,#4992
0,0,0,4,2,0,0,0,2,8,16,4,16,32,128,512,#4992
0,0,0,0,0,0,2,0,4,8,16,8,16,32,128,512,#5004
0,0,4,0,0,0,0,2,4,8,16,8,16,32,128,512,#5004
0,0,0,0,0,2,4,2,4,8,16,8,16,32,128,512,#5004
0,0,0,0,2,4,2,2,4,8,16,8,16,32,128,512,#5004
0,0,0,0,4,2,4,4,4,8,16,8,16,32,128,512,#5008
0,0,0,0,2,4,2,8,4,8,16,8,16,32,128,512,#5016
0,0,2,0,2,4,2,0,4,8,16,16,16,32,128,512,#5032
2,0,0,0,2,4,4,0,4,8,16,16,16,32,128,512,#5036
2,0,2,0,2,8,0,0,4,8,32,0,16,32,128,512,#5076
0,0,2,0,4,0,2,0,4,16,32,0,16,32,128,512,#5096
0,0,0,0,0,0,4,2,8,16,32,0,16,32,128,512,#5108
0,0,4,0,0,0,4,0,8,16,32,2,16,32,128,512,#5108
0,0,0,0,4,0,8,0,8,16,32,2,16,32,128,512,#5116
0,2,0,0,4,8,0,0,8,16,32,2,16,32,128,512,#5116
2,0,0,0,4,8,0,4,8,16,32,2,16,32,128,512,#5116
2,0,0,2,4,8,4,0,8,16,32,2,16,32,128,512,#5116
4,0,0,2,4,8,4,0,8,16,32,2,16,32,128,512,#5120
2,0,0,0,8,8,4,0,8,16,32,4,16,32,128,512,#5132
0,0,0,2,2,8,4,0,16,16,32,4,16,32,128,512,#5148
4,0,0,2,0,2,8,4,0,32,32,4,16,32,128,512,#5180
0,0,0,2,0,0,8,2,4,2,32,8,16,64,128,512,#5252
0,0,4,0,0,0,8,4,4,2,32,8,16,64,128,512,#5256
0,0,4,4,0,0,8,4,4,2,32,8,16,64,128,512,#5256
2,0,4,0,0,0,8,8,4,2,32,8,16,64,128,512,#5264
2,0,4,0,2,0,8,0,4,2,32,16,16,64,128,512,#5280
0,0,4,0,4,2,8,0,4,2,32,16,16,64,128,512,#5284
2,0,4,0,0,0,8,0,8,4,32,16,16,64,128,512,#5296
2,0,4,0,2,0,8,0,8,4,32,16,16,64,128,512,#5296
0,0,4,0,4,2,8,0,8,4,32,16,16,64,128,512,#5300
4,2,0,0,4,2,8,0,8,4,32,16,16,64,128,512,#5300
2,0,0,0,8,4,8,0,8,4,32,16,16,64,128,512,#5312
0,0,0,2,2,0,8,0,16,8,32,16,16,64,128,512,#5336
0,0,0,2,0,0,8,2,2,8,32,16,32,64,128,512,#5368
0,4,0,0,0,0,8,4,2,8,32,16,32,64,128,512,#5372
0,2,0,4,0,0,8,4,2,8,32,16,32,64,128,512,#5372
0,2,0,0,0,2,8,8,2,8,32,16,32,64,128,512,#5380
0,0,2,0,0,4,8,8,2,8,32,16,32,64,128,512,#5384
2,0,0,2,0,0,4,16,2,8,32,16,32,64,128,512,#5400
0,0,0,0,0,2,4,2,4,8,32,32,32,64,128,512,#5436
0,0,0,0,0,2,4,2,2,4,8,64,32,64,128,512,#5500
0,0,2,0,2,4,2,0,2,4,8,64,32,64,128,512,#5500
0,0,0,0,2,0,4,0,4,8,8,64,32,64,128,512,#5516
0,4,0,0,0,0,2,4,0,4,16,64,32,64,128,512,#5532
0,0,2,4,0,0,2,4,0,4,16,64,32,64,128,512,#5532
0,0,0,2,0,0,4,8,0,4,16,64,32,64,128,512,#5544
2,0,0,2,4,8,0,0,4,16,64,0,32,64,128,512,#5544
4,0,0,0,4,8,0,0,4,16,64,2,32,64,128,512,#5548
0,0,0,0,4,8,0,4,8,16,64,2,32,64,128,512,#5556
4,0,0,0,4,8,4,0,8,16,64,2,32,64,128,512,#5556
0,2,0,0,8,8,4,0,8,16,64,2,32,64,128,512,#5564
0,2,0,0,2,8,4,0,16,16,64,2,32,64,128,512,#5580
4,0,0,2,0,2,8,4,0,32,64,2,32,64,128,512,#5612
4,2,0,0,2,8,4,0,32,64,2,4,32,64,128,512,#5612
0,0,0,0,4,2,4,2,2,8,2,4,64,128,128,512,#5804
0,0,0,2,4,2,4,2,2,8,2,4,0,64,256,512,#6060
0,0,0,0,2,2,4,4,4,8,2,4,2,64,256,512,#6064
2,0,0,0,0,0,4,8,4,8,2,4,2,64,256,512,#6076
0,0,2,0,2,0,4,8,4,8,2,4,2,64,256,512,#6076
2,0,0,0,2,4,8,2,4,8,2,4,2,64,256,512,#6076
0,0,2,0,4,4,8,2,4,8,2,4,2,64,256,512,#6080
0,0,2,0,2,4,8,2,8,8,2,4,2,64,256,512,#6088
0,0,2,2,2,4,8,2,0,16,2,4,2,64,256,512,#6104
0,2,2,0,0,4,8,4,0,16,2,4,4,64,256,512,#6112
0,2,0,4,0,4,8,4,0,16,2,4,4,64,256,512,#6116
0,2,2,0,0,4,8,4,0,16,2,8,4,64,256,512,#6124
0,0,0,4,2,4,8,4,0,16,2,8,4,64,256,512,#6128
0,0,0,0,2,4,8,8,2,16,2,8,4,64,256,512,#6136
0,2,0,0,0,4,8,0,4,16,2,16,4,64,256,512,#6156
0,2,2,0,0,4,8,0,0,16,2,16,8,64,256,512,#6164
0,0,0,4,0,2,4,8,0,16,2,16,8,64,256,512,#6168
4,2,0,0,2,4,8,0,16,2,16,0,8,64,256,512,#6168
0,2,4,2,0,2,4,8,0,16,2,16,8,64,256,512,#6168
0,4,0,2,0,4,8,8,0,16,2,16,8,64,256,512,#6180
0,2,0,2,0,8,8,8,0,16,2,16,8,64,256,512,#6188
4,0,0,2,16,8,0,0,16,2,16,0,8,64,256,512,#6208
0,0,0,0,4,8,2,0,32,2,16,2,8,64,256,512,#6240
2,0,0,0,0,4,8,2,32,2,16,2,8,64,256,512,#6240
2,0,0,2,0,4,8,2,32,2,16,2,8,64,256,512,#6240
0,2,0,4,0,4,8,2,32,2,16,2,8,64,256,512,#6244
0,2,0,2,0,4,8,4,32,2,16,4,8,64,256,512,#6248
0,0,2,4,0,4,8,4,32,2,16,4,8,64,256,512,#6252
0,0,2,0,2,4,8,4,32,2,16,8,8,64,256,512,#6260
2,0,0,2,2,4,8,4,32,2,16,8,8,64,256,512,#6260
0,0,2,2,4,4,8,4,32,2,16,8,8,64,256,512,#6264
2,0,0,4,0,8,8,4,32,2,16,8,8,64,256,512,#6276
0,2,0,0,2,8,8,8,32,2,16,8,8,64,256,512,#6284
0,2,0,0,2,8,8,4,32,2,16,16,8,64,256,512,#6300
0,2,0,2,0,2,16,4,0,32,2,32,8,64,256,512,#6348
0,0,0,4,0,2,16,4,4,32,2,32,8,64,256,512,#6352
0,0,0,0,4,2,16,8,4,32,2,32,8,64,256,512,#6360
0,0,0,2,0,2,16,8,8,32,2,32,8,64,256,512,#6368
2,0,0,0,2,16,8,2,8,32,2,32,8,64,256,512,#6368
4,0,0,0,0,16,8,2,4,32,2,32,16,64,256,512,#6388
0,0,4,0,0,16,8,2,8,32,2,32,16,64,256,512,#6396
2,0,0,4,0,16,8,2,8,32,2,32,16,64,256,512,#6396
0,2,0,4,2,16,8,2,8,32,2,32,16,64,256,512,#6396
2,4,0,2,2,16,8,2,8,32,2,32,16,64,256,512,#6396
2,4,0,0,4,16,8,4,8,32,2,32,16,64,256,512,#6404
0,2,2,4,4,16,8,4,8,32,2,32,16,64,256,512,#6404
2,2,2,0,4,16,8,8,8,32,2,32,16,64,256,512,#6412
0,0,2,4,2,4,16,16,8,32,2,32,16,64,256,512,#6432
0,0,2,4,4,2,4,32,8,32,2,32,16,64,256,512,#6464
2,0,2,0,4,2,4,4,8,32,2,64,16,64,256,512,#6528
4,0,0,2,4,2,8,0,8,32,2,64,16,64,256,512,#6540
4,2,0,2,4,2,8,0,8,32,2,64,16,64,256,512,#6540
0,0,0,2,8,4,8,2,8,32,2,64,16,64,256,512,#6552
2,2,0,0,8,4,8,2,8,32,2,64,16,64,256,512,#6552
4,0,0,4,8,4,8,2,8,32,2,64,16,64,256,512,#6556
8,0,0,2,8,4,8,2,8,32,2,64,16,64,256,512,#6564
0,2,0,0,8,4,8,4,16,32,2,64,16,64,256,512,#6584
2,4,0,0,8,4,8,4,16,32,2,64,16,64,256,512,#6584
0,0,2,0,2,8,8,4,8,32,2,64,32,64,256,512,#6624
0,2,0,2,0,2,16,4,8,32,2,64,32,64,256,512,#6640
0,0,2,2,0,4,16,4,8,32,2,64,32,64,256,512,#6644
0,4,0,4,0,4,16,4,8,32,2,64,32,64,256,512,#6648
2,0,0,0,0,8,16,8,8,32,2,64,32,64,256,512,#6664
0,2,0,0,2,8,16,8,8,32,2,64,32,64,256,512,#6664
2,2,0,0,2,8,16,8,8,32,2,64,32,64,256,512,#6664
0,2,4,0,4,8,16,8,8,32,2,64,32,64,256,512,#6668
2,4,0,4,4,8,16,8,8,32,2,64,32,64,256,512,#6668
2,0,2,8,4,8,16,8,8,32,2,64,32,64,256,512,#6676
2,0,2,2,4,8,16,16,8,32,2,64,32,64,256,512,#6692
0,0,2,4,2,4,8,32,8,32,2,64,32,64,256,512,#6728
2,4,2,0,2,4,8,32,8,32,2,64,32,64,256,512,#6728
0,0,2,2,4,8,8,32,8,32,2,64,32,64,256,512,#6740
4,0,0,2,4,16,32,0,8,32,2,64,32,64,256,512,#6760
0,0,2,0,8,16,32,2,8,32,2,64,32,64,256,512,#6768
0,2,0,2,8,16,32,2,8,32,2,64,32,64,256,512,#6768
2,2,0,0,0,16,32,4,16,32,2,64,32,64,256,512,#6788
4,0,2,0,16,32,4,0,16,32,2,64,32,64,256,512,#6792
0,0,2,0,4,2,4,0,32,64,2,64,32,64,256,512,#6888
0,0,2,0,2,0,4,0,4,2,2,64,64,128,256,512,#7080
2,4,0,0,2,4,0,0,4,4,64,0,64,128,256,512,#7084
2,4,0,4,2,4,0,0,8,64,0,0,64,128,256,512,#7092
2,8,0,0,2,4,0,2,8,64,0,0,64,128,256,512,#7100
2,8,0,0,2,4,2,0,8,64,2,0,64,128,256,512,#7100
0,8,2,0,4,4,0,0,8,64,4,0,64,128,256,512,#7108
0,8,0,2,4,4,2,0,8,64,4,0,64,128,256,512,#7108
2,8,0,0,4,4,2,0,8,64,4,2,64,128,256,512,#7108
2,8,0,2,8,2,0,0,8,64,4,2,64,128,256,512,#7116
2,8,0,0,2,2,0,0,16,64,4,4,64,128,256,512,#7136
2,8,2,0,4,0,0,0,16,64,8,0,64,128,256,512,#7148
2,0,0,0,4,8,2,0,16,64,8,2,64,128,256,512,#7148
0,0,0,2,2,4,8,2,16,64,8,2,64,128,256,512,#7148
0,0,0,0,2,4,2,2,16,64,16,4,64,128,256,512,#7168
4,0,0,0,0,2,4,4,16,64,16,4,64,128,256,512,#7172
0,0,0,4,2,0,2,8,16,64,16,4,64,128,256,512,#7180
4,0,2,0,4,8,0,0,16,64,16,4,64,128,256,512,#7184
4,2,2,0,4,8,0,0,16,64,16,4,64,128,256,512,#7184
4,4,0,0,4,8,0,2,16,64,16,4,64,128,256,512,#7188
0,4,0,0,8,8,2,2,16,64,16,4,64,128,256,512,#7196
4,0,0,0,16,4,0,2,16,64,16,4,64,128,256,512,#7216
2,0,0,0,4,4,0,2,32,64,16,4,64,128,256,512,#7248
2,0,0,0,8,2,0,2,32,64,16,4,64,128,256,512,#7256
2,0,0,2,8,4,0,0,32,64,16,4,64,128,256,512,#7260
4,0,2,0,8,4,0,0,32,64,16,4,64,128,256,512,#7264
4,2,2,0,8,4,0,0,32,64,16,4,64,128,256,512,#7264
4,4,4,0,8,4,0,0,32,64,16,4,64,128,256,512,#7268
4,0,2,0,8,8,4,0,32,64,16,4,64,128,256,512,#7276
4,2,0,4,16,4,0,0,32,64,16,4,64,128,256,512,#7292
4,2,2,0,16,4,0,0,32,64,16,8,64,128,256,512,#7300
4,4,0,2,16,4,0,0,32,64,16,8,64,128,256,512,#7304
4,0,2,0,16,8,0,2,32,64,16,8,64,128,256,512,#7312
4,2,2,0,16,8,2,0,32,64,16,8,64,128,256,512,#7312
4,4,2,0,16,8,2,0,32,64,16,8,64,128,256,512,#7316
8,2,2,0,16,8,2,0,32,64,16,8,64,128,256,512,#7324
8,4,2,0,16,8,2,0,32,64,16,8,64,128,256,512,#7328
8,4,0,0,16,8,4,2,32,64,16,8,64,128,256,512,#7332
2,0,8,4,16,8,4,2,32,64,16,8,64,128,256,512,#7332
2,8,4,2,16,8,4,2,32,64,16,8,64,128,256,512,#7332
2,2,0,0,16,16,8,4,32,64,16,8,64,128,256,512,#7360
4,0,0,2,32,8,4,0,32,64,16,8,64,128,256,512,#7396
0,0,0,2,4,8,4,2,64,64,16,8,64,128,256,512,#7460
0,2,0,0,0,8,4,4,4,64,16,8,128,128,256,512,#7592
0,0,2,2,0,0,8,8,4,64,16,8,0,256,256,512,#7856
4,0,2,0,16,0,0,0,4,64,16,8,512,512,0,0,#8388
0,2,4,2,0,0,0,16,4,64,16,8,0,0,0,1024,#9412
0,0,0,2,2,0,0,16,0,2,4,8,4,64,16,1024,#9412
2,0,0,2,2,16,0,0,2,4,8,0,4,64,16,1024,#9412
0,0,0,0,2,16,0,2,4,4,8,2,4,64,16,1024,#9416
0,0,0,0,0,2,16,2,2,8,8,2,4,64,16,1024,#9424
0,2,0,0,0,2,16,2,0,2,16,2,4,64,16,1024,#9440
0,0,0,0,2,2,0,0,0,4,16,4,4,64,32,1024,#9480
0,0,0,2,0,2,0,0,2,4,16,4,4,64,32,1024,#9480
2,0,2,0,2,0,0,0,2,4,16,4,4,64,32,1024,#9480
4,2,0,0,2,0,0,0,2,4,16,4,4,64,32,1024,#9484
0,0,0,0,4,2,0,4,4,4,16,4,4,64,32,1024,#9488
0,0,0,0,0,2,2,0,4,4,16,8,8,64,32,1024,#9504
0,0,0,0,0,2,0,4,0,8,16,8,8,64,32,1024,#9516
0,0,0,2,0,0,2,4,0,8,16,8,8,64,32,1024,#9516
2,0,0,0,2,4,0,0,8,16,8,2,8,64,32,1024,#9516
0,0,0,0,4,4,0,0,4,16,8,2,16,64,32,1024,#9536
0,0,0,0,0,4,0,2,8,16,8,2,16,64,32,1024,#9544
0,0,0,0,0,4,0,2,8,16,8,4,16,64,32,1024,#9548
2,0,0,0,0,0,4,2,8,16,8,4,16,64,32,1024,#9548
0,0,0,2,0,2,4,2,8,16,8,4,16,64,32,1024,#9548
0,0,2,0,0,2,4,4,8,16,8,4,16,64,32,1024,#9552
0,2,2,0,0,2,4,0,8,16,8,8,16,64,32,1024,#9560
2,0,0,4,0,0,2,4,0,8,16,16,16,64,32,1024,#9580
0,0,2,4,0,0,2,4,0,2,8,32,16,64,32,1024,#9612
0,2,0,0,0,0,4,8,0,2,8,32,16,64,32,1024,#9624
0,0,0,0,2,0,4,8,0,4,8,32,16,64,32,1024,#9628
0,0,0,0,2,4,8,0,4,8,32,2,16,64,32,1024,#9628
0,2,0,0,2,4,0,0,4,8,8,2,16,64,64,1024,#9692
0,2,0,2,0,0,2,4,0,4,16,2,0,16,128,1024,#9836
0,0,2,4,0,0,2,4,0,4,16,2,0,16,128,1024,#9840
0,0,0,0,0,0,4,8,0,4,16,2,2,16,128,1024,#9852
0,2,0,0,4,8,0,0,4,16,2,0,2,16,128,1024,#9852
0,0,0,0,2,2,0,0,8,8,2,0,2,32,128,1024,#9892
0,2,0,0,0,0,0,4,0,0,16,2,2,32,128,1024,#9912
0,0,0,0,0,0,2,4,0,2,16,2,2,32,128,1024,#9912
0,2,0,0,2,4,0,0,2,16,2,0,2,32,128,1024,#9912
2,0,0,2,2,4,0,0,2,16,2,0,2,32,128,1024,#9912
0,2,0,0,0,4,0,0,4,16,2,2,4,32,128,1024,#9920
0,0,0,2,0,0,0,4,2,4,16,4,4,32,128,1024,#9924
0,0,0,0,0,2,0,2,2,4,16,8,4,32,128,1024,#9932
0,0,0,2,0,0,0,4,2,4,16,8,4,32,128,1024,#9936
2,2,0,0,4,0,0,0,2,4,16,8,4,32,128,1024,#9936
0,2,0,4,0,0,0,4,2,4,16,8,4,32,128,1024,#9940
0,0,0,0,0,2,2,8,2,4,16,8,4,32,128,1024,#9948
0,0,0,0,0,2,2,2,2,4,16,16,4,32,128,1024,#9964
0,0,0,0,0,2,2,4,0,2,4,32,4,32,128,1024,#10000
0,2,0,0,0,0,2,4,0,4,4,32,4,32,128,1024,#10004
2,0,0,2,0,0,2,4,0,0,8,32,4,32,128,1024,#10012
2,0,0,2,0,0,2,4,2,0,8,32,4,32,128,1024,#10012
0,0,0,2,2,0,2,4,4,0,8,32,4,32,128,1024,#10016
0,0,0,2,0,2,2,4,2,0,8,32,8,32,128,1024,#10024
0,0,0,2,2,0,2,4,2,2,8,32,8,32,128,1024,#10024
2,0,0,2,0,0,4,4,0,4,8,32,8,32,128,1024,#10032
0,0,0,4,2,0,0,8,0,4,8,32,8,32,128,1024,#10044
4,0,2,0,2,8,0,0,4,8,32,0,8,32,128,1024,#10044
4,0,2,0,2,0,2,0,4,16,32,0,8,32,128,1024,#10060
4,0,2,0,2,0,4,0,4,16,32,0,8,32,128,1024,#10064
4,2,2,0,2,4,0,0,4,16,32,0,8,32,128,1024,#10064
4,2,0,0,2,4,2,0,4,16,32,2,8,32,128,1024,#10064
2,0,4,2,0,2,4,2,4,16,32,2,8,32,128,1024,#10064
0,2,0,0,2,2,8,2,4,16,32,4,8,32,128,1024,#10076
0,0,0,2,2,4,8,2,4,16,32,4,8,32,128,1024,#10080
0,0,0,4,2,4,8,4,4,16,32,4,8,32,128,1024,#10084
0,2,0,0,2,4,8,4,4,16,32,8,8,32,128,1024,#10092
2,0,0,2,2,4,8,4,4,16,32,8,8,32,128,1024,#10092
0,2,0,2,4,4,8,4,4,16,32,8,8,32,128,1024,#10096
0,2,0,2,2,4,8,4,8,16,32,8,8,32,128,1024,#10104
4,0,2,0,2,4,8,4,8,16,32,8,8,32,128,1024,#10108
2,0,2,0,4,4,8,4,2,16,32,8,16,32,128,1024,#10124
4,0,2,0,8,8,4,0,2,16,32,8,16,32,128,1024,#10136
0,0,4,2,0,2,16,4,2,16,32,8,16,32,128,1024,#10152
4,2,0,2,2,16,4,0,2,16,32,8,16,32,128,1024,#10152
2,0,0,0,4,2,4,2,4,32,32,8,16,32,128,1024,#10188
0,2,0,0,2,0,4,2,8,2,32,8,16,64,128,1024,#10260
0,0,0,2,2,0,4,2,8,4,32,8,16,64,128,1024,#10264
0,2,0,0,2,0,4,4,8,4,32,8,16,64,128,1024,#10268
2,0,0,2,2,8,0,0,8,4,32,8,16,64,128,1024,#10276
0,0,0,0,4,8,2,2,8,4,32,8,16,64,128,1024,#10280
0,0,0,2,0,4,8,4,8,4,32,8,16,64,128,1024,#10284
0,4,0,2,0,0,8,4,8,8,32,8,16,64,128,1024,#10292
4,2,0,4,8,4,0,0,16,32,8,0,16,64,128,1024,#10308
0,2,0,0,4,4,2,0,8,32,8,4,32,64,128,1024,#10340
2,0,0,0,8,2,2,0,8,32,8,4,32,64,128,1024,#10348
0,0,0,0,2,2,2,2,16,32,8,4,32,64,128,1024,#10364
0,0,2,0,0,0,4,4,16,32,8,4,32,64,128,1024,#10372
2,0,2,0,0,0,4,0,16,32,8,8,32,64,128,1024,#10380
0,0,0,4,0,2,0,4,0,16,32,16,32,64,128,1024,#10400
0,2,0,0,0,2,0,8,0,16,32,16,32,64,128,1024,#10408
0,0,2,0,0,4,0,8,0,16,32,16,32,64,128,1024,#10412
2,0,0,0,4,8,0,2,16,32,16,0,32,64,128,1024,#10412
2,0,0,0,4,8,0,2,16,32,16,2,32,64,128,1024,#10412
2,0,0,2,4,8,0,0,16,32,16,4,32,64,128,1024,#10416
2,0,2,0,4,8,0,2,16,32,16,4,32,64,128,1024,#10416
0,2,0,4,0,4,8,2,16,32,16,4,32,64,128,1024,#10420
2,4,0,2,4,8,2,0,16,32,16,4,32,64,128,1024,#10420
2,4,0,2,4,8,2,2,16,32,16,4,32,64,128,1024,#10420
2,2,4,2,0,4,8,4,16,32,16,4,32,64,128,1024,#10424
0,2,4,4,2,4,8,2,16,32,16,8,32,64,128,1024,#10432
2,8,2,0,2,4,8,2,16,32,16,8,32,64,128,1024,#10440
0,8,2,2,4,4,8,2,16,32,16,8,32,64,128,1024,#10444
2,0,8,4,0,8,8,2,16,32,16,8,32,64,128,1024,#10456
2,8,4,0,16,2,2,0,16,32,16,8,32,64,128,1024,#10472
2,8,4,0,2,2,2,0,32,32,16,8,32,64,128,1024,#10504
0,2,8,4,0,2,2,4,0,64,16,8,32,64,128,1024,#10572
0,0,8,0,0,2,2,8,0,4,16,8,32,128,128,1024,#10712
0,0,0,8,2,0,4,8,0,4,16,8,0,32,256,1024,#10972
0,0,0,8,2,2,4,8,0,4,16,8,0,32,256,1024,#10972
0,0,0,8,0,4,4,8,2,4,16,8,0,32,256,1024,#10976
0,0,0,2,0,0,4,8,0,8,16,16,2,32,256,1024,#11000
0,0,2,2,0,0,4,8,0,0,8,32,2,32,256,1024,#11032
0,0,0,4,0,0,4,8,0,2,8,32,2,32,256,1024,#11036
4,0,0,0,4,8,2,0,2,8,32,0,2,32,256,1024,#11036
0,0,0,0,0,0,2,2,8,16,32,0,4,32,256,1024,#11064
0,0,0,0,0,0,2,4,0,8,16,32,4,32,256,1024,#11068
2,0,0,0,2,4,0,0,8,16,32,0,4,32,256,1024,#11068
0,0,0,0,4,4,2,0,8,16,32,0,4,32,256,1024,#11072
0,0,0,0,0,0,8,2,2,8,16,32,4,32,256,1024,#11080
0,2,0,0,8,2,0,0,2,8,16,32,4,32,256,1024,#11080
2,0,0,0,8,4,0,0,2,8,16,32,4,32,256,1024,#11084
0,2,0,2,0,0,8,4,2,8,16,32,4,32,256,1024,#11084
0,0,2,2,0,2,8,4,2,8,16,32,4,32,256,1024,#11084
4,2,0,0,2,8,4,0,2,8,16,32,4,32,256,1024,#11088
0,0,0,0,4,2,4,2,4,16,16,32,4,32,256,1024,#11108
0,0,0,0,2,2,4,2,4,16,16,32,8,32,256,1024,#11116
0,2,0,0,4,4,2,0,4,32,32,0,8,32,256,1024,#11152
0,2,0,0,0,2,2,0,8,4,32,0,8,64,256,1024,#11224
0,0,2,0,0,4,2,0,0,4,32,0,16,64,256,1024,#11244
0,0,0,0,2,0,4,0,0,8,32,0,16,64,256,1024,#11256
0,0,0,2,0,0,4,0,2,8,32,0,16,64,256,1024,#11256
0,0,2,2,0,0,0,4,0,2,8,32,16,64,256,1024,#11256
0,0,2,2,0,0,2,4,0,2,8,32,16,64,256,1024,#11256
0,0,4,2,0,0,4,4,0,2,8,32,16,64,256,1024,#11260
0,0,0,2,0,0,8,4,2,2,8,32,16,64,256,1024,#11268
0,2,0,2,0,0,0,4,2,2,16,32,16,64,256,1024,#11284
0,0,0,2,0,2,0,4,2,4,16,32,16,64,256,1024,#11288
2,0,2,0,2,4,0,0,2,4,16,32,16,64,256,1024,#11288
4,2,0,0,2,4,0,0,2,4,16,32,16,64,256,1024,#11292
0,0,0,2,4,2,0,0,4,8,16,32,16,64,256,1024,#11304
0,0,0,0,2,2,0,2,8,8,16,32,16,64,256,1024,#11312
0,0,2,0,0,0,2,4,0,16,16,32,16,64,256,1024,#11332
0,0,0,2,2,0,2,4,0,0,32,32,16,64,256,1024,#11364
0,0,0,2,0,0,4,4,0,2,0,64,16,64,256,1024,#11432
0,2,0,2,0,0,0,4,0,2,4,64,16,64,256,1024,#11432
0,0,0,2,2,0,0,4,0,4,4,64,16,64,256,1024,#11436
2,0,0,0,2,4,0,2,8,64,0,0,16,64,256,1024,#11444
0,0,0,0,4,0,0,0,8,4,2,2,16,128,256,1024,#11576
0,0,0,2,0,0,0,4,0,8,4,4,16,128,256,1024,#11580
0,0,0,2,2,0,0,4,0,0,8,8,16,128,256,1024,#11588
0,0,0,2,0,2,2,4,0,0,0,16,16,128,256,1024,#11604
0,0,0,2,0,0,4,4,0,2,0,16,16,128,256,1024,#11608
4,0,0,2,0,0,0,8,0,0,2,16,16,128,256,1024,#11616
0,0,0,2,0,0,4,8,4,0,2,16,16,128,256,1024,#11616
2,0,0,0,4,8,2,0,4,2,16,0,16,128,256,1024,#11616
2,0,0,0,2,8,2,0,8,2,16,0,16,128,256,1024,#11624
0,0,0,0,4,8,2,2,8,2,16,0,16,128,256,1024,#11628
0,0,0,0,4,8,4,2,8,2,16,0,16,128,256,1024,#11632
0,0,4,0,4,8,4,0,8,2,16,2,16,128,256,1024,#11632
0,0,2,0,4,8,8,0,8,2,16,2,16,128,256,1024,#11640
0,0,2,2,0,0,4,16,8,2,16,2,16,128,256,1024,#11656
4,2,0,0,4,16,0,0,8,2,16,2,16,128,256,1024,#11660
0,2,0,2,8,16,0,0,8,2,16,2,16,128,256,1024,#11668
2,2,0,0,0,16,0,0,16,2,16,4,16,128,256,1024,#11688
0,2,0,0,0,16,0,2,2,2,16,4,32,128,256,1024,#11720
2,0,0,2,16,2,0,0,4,16,4,0,32,128,256,1024,#11724
2,0,0,0,16,2,0,2,4,16,4,2,32,128,256,1024,#11724
2,0,0,0,16,2,2,0,4,16,4,4,32,128,256,1024,#11728
0,0,2,2,0,0,16,4,0,4,16,8,32,128,256,1024,#11740
0,2,0,2,0,0,2,4,0,4,32,8,32,128,256,1024,#11772
0,0,0,4,0,0,2,4,2,4,32,8,32,128,256,1024,#11776
0,0,2,0,0,0,2,8,2,4,32,8,32,128,256,1024,#11784
0,0,0,0,0,2,4,0,2,4,32,16,32,128,256,1024,#11804
0,0,0,0,2,4,0,2,2,4,32,16,32,128,256,1024,#11804
0,0,0,0,0,0,2,2,4,8,32,16,32,128,256,1024,#11816
0,0,0,0,0,2,0,4,4,8,32,16,32,128,256,1024,#11820
0,0,0,0,2,0,2,4,4,8,32,16,32,128,256,1024,#11820
2,0,0,0,0,0,4,4,4,8,32,16,32,128,256,1024,#11824
0,0,0,2,0,2,0,8,4,8,32,16,32,128,256,1024,#11832
2,0,0,0,2,8,0,2,4,8,32,16,32,128,256,1024,#11832
0,0,0,0,4,0,2,2,4,16,32,16,32,128,256,1024,#11852
0,0,0,0,2,0,2,2,8,16,32,16,32,128,256,1024,#11860
2,0,0,0,0,0,2,4,8,16,32,16,32,128,256,1024,#11864
0,2,0,2,0,0,2,4,8,16,32,16,32,128,256,1024,#11864
0,2,0,2,0,2,2,4,8,16,32,16,32,128,256,1024,#11864
2,0,0,4,0,0,4,4,8,16,32,16,32,128,256,1024,#11872
0,0,0,0,2,2,4,8,8,16,32,16,32,128,256,1024,#11880
2,0,0,0,0,4,4,8,8,16,32,16,32,128,256,1024,#11884
0,2,0,2,0,0,8,8,8,16,32,16,32,128,256,1024,#11892
0,0,0,4,0,2,0,16,8,16,32,16,32,128,256,1024,#11912
0,0,0,4,0,2,2,16,8,16,32,16,32,128,256,1024,#11912
0,0,0,4,2,0,4,16,8,16,32,16,32,128,256,1024,#11916
2,0,0,4,0,2,4,16,8,16,32,16,32,128,256,1024,#11916
0,0,0,2,2,2,4,4,8,16,32,32,32,128,256,1024,#11948
2,0,0,0,4,8,0,2,8,16,64,0,32,128,256,1024,#12024
0,2,0,2,0,4,8,2,0,8,16,64,32,128,256,1024,#12024
0,2,2,0,0,4,8,4,0,8,16,64,32,128,256,1024,#12028
0,2,0,4,0,4,8,4,0,8,16,64,32,128,256,1024,#12032
2,2,0,0,0,4,8,8,0,8,16,64,32,128,256,1024,#12040
4,0,0,0,4,16,0,0,8,16,64,4,32,128,256,1024,#12060
0,0,0,4,8,0,0,0,8,32,64,4,32,128,256,1024,#12100
0,0,0,0,2,0,0,0,16,32,64,8,32,128,256,1024,#12124
0,0,2,0,0,0,0,2,16,32,64,8,32,128,256,1024,#12124
2,0,2,0,2,0,0,0,16,32,64,8,32,128,256,1024,#12124
0,0,0,0,4,2,2,0,16,32,64,8,32,128,256,1024,#12128
0,0,2,0,4,4,0,0,16,32,64,8,32,128,256,1024,#12132
2,0,0,0,8,2,0,0,16,32,64,8,32,128,256,1024,#12140
2,0,0,2,0,0,8,2,16,32,64,8,32,128,256,1024,#12140
0,2,0,0,2,0,8,4,16,32,64,8,32,128,256,1024,#12144
0,2,0,2,0,2,8,4,16,32,64,8,32,128,256,1024,#12144
0,0,2,4,0,2,8,4,16,32,64,8,32,128,256,1024,#12148
0,0,2,0,2,2,8,8,16,32,64,8,32,128,256,1024,#12156
0,2,2,0,2,2,8,0,16,32,64,16,32,128,256,1024,#12172
0,0,2,4,0,0,4,8,16,32,64,16,32,128,256,1024,#12180
2,4,0,0,4,8,0,2,16,32,64,16,32,128,256,1024,#12180
0,0,2,4,2,4,8,2,16,32,64,16,32,128,256,1024,#12180
2,4,2,0,2,4,8,2,16,32,64,16,32,128,256,1024,#12180
2,2,4,2,2,4,8,2,16,32,64,16,32,128,256,1024,#12180
2,2,4,0,4,4,8,4,16,32,64,16,32,128,256,1024,#12188
2,0,4,4,0,8,8,4,16,32,64,16,32,128,256,1024,#12200
0,2,4,0,2,8,8,8,16,32,64,16,32,128,256,1024,#12208
2,0,2,4,0,2,8,16,16,32,64,16,32,128,256,1024,#12224
0,0,4,4,2,2,8,16,16,32,64,16,32,128,256,1024,#12228
2,0,0,8,0,4,8,16,16,32,64,16,32,128,256,1024,#12240
2,0,2,8,0,4,8,16,16,32,64,16,32,128,256,1024,#12240
0,0,4,8,2,4,8,16,16,32,64,16,32,128,256,1024,#12244
2,0,4,0,2,4,8,8,16,32,64,32,32,128,256,1024,#12276
0,2,2,4,0,2,4,16,16,32,64,32,32,128,256,1024,#12292
0,0,4,4,2,2,4,16,16,32,64,32,32,128,256,1024,#12296
0,0,2,8,0,4,4,16,16,32,64,32,32,128,256,1024,#12308
0,0,2,8,2,0,8,16,16,32,64,32,32,128,256,1024,#12316
4,0,2,8,0,2,8,16,16,32,64,32,32,128,256,1024,#12316
4,0,2,8,4,2,8,16,16,32,64,32,32,128,256,1024,#12316
2,0,2,8,8,2,8,16,16,32,64,32,32,128,256,1024,#12324
4,0,4,8,8,2,8,16,16,32,64,32,32,128,256,1024,#12328
2,0,8,8,8,2,8,16,16,32,64,32,32,128,256,1024,#12336
2,0,2,8,8,2,16,16,16,32,64,32,32,128,256,1024,#12352
0,0,4,8,2,8,2,32,16,32,64,32,32,128,256,1024,#12388
0,2,4,0,2,8,2,8,16,32,64,64,32,128,256,1024,#12452
0,2,2,4,2,8,2,8,0,16,32,128,32,128,256,1024,#12580
4,4,0,2,2,8,2,8,16,32,128,0,32,128,256,1024,#12584
2,0,8,2,2,8,2,8,0,16,32,128,32,128,256,1024,#12592
2,8,2,0,2,8,2,8,16,32,128,2,32,128,256,1024,#12592
2,0,0,0,4,16,4,8,16,32,128,2,32,128,256,1024,#12616
4,0,0,2,4,16,4,8,16,32,128,2,32,128,256,1024,#12616
2,0,0,2,8,16,4,8,16,32,128,2,32,128,256,1024,#12624
4,0,2,0,8,16,4,8,16,32,128,2,32,128,256,1024,#12628
4,2,2,0,8,16,4,8,16,32,128,2,32,128,256,1024,#12628
4,4,0,2,8,16,4,8,16,32,128,2,32,128,256,1024,#12632
8,2,2,0,8,16,4,8,16,32,128,2,32,128,256,1024,#12640
2,2,2,0,16,16,4,8,16,32,128,2,32,128,256,1024,#12656
2,2,2,0,2,16,4,8,32,32,128,2,32,128,256,1024,#12688
0,2,2,2,0,16,4,8,4,32,128,2,64,128,256,1024,#12756
0,0,2,4,2,16,4,8,4,32,128,2,64,128,256,1024,#12760
2,4,2,0,2,16,4,8,4,32,128,2,64,128,256,1024,#12760
2,4,2,0,4,16,4,8,4,32,128,2,64,128,256,1024,#12764
2,4,2,0,2,16,4,8,8,32,128,2,64,128,256,1024,#12772
0,4,2,2,4,16,4,8,8,32,128,2,64,128,256,1024,#12776
4,4,2,0,4,16,4,8,8,32,128,2,64,128,256,1024,#12780
2,4,2,0,8,16,4,8,8,32,128,2,64,128,256,1024,#12788
0,4,2,2,2,16,4,8,16,32,128,2,64,128,256,1024,#12804
2,0,4,4,2,16,4,8,16,32,128,2,64,128,256,1024,#12808
0,0,2,4,4,16,8,8,16,32,128,2,64,128,256,1024,#12820
2,4,0,0,4,16,16,2,16,32,128,2,64,128,256,1024,#12836
2,4,0,2,4,32,2,0,16,32,128,2,64,128,256,1024,#12868
2,0,2,0,4,4,2,0,16,64,128,4,64,128,256,1024,#12936
4,0,0,0,8,2,0,2,16,64,128,4,64,128,256,1024,#12948
4,0,0,0,8,4,0,2,16,64,128,4,64,128,256,1024,#12952
4,0,2,0,8,4,2,0,16,64,128,4,64,128,256,1024,#12952
4,0,0,2,8,4,4,0,16,64,128,4,64,128,256,1024,#12956
4,0,0,2,8,4,4,2,16,64,128,4,64,128,256,1024,#12956
4,2,0,0,8,4,4,4,16,64,128,4,64,128,256,1024,#12960
4,2,0,0,8,4,4,2,16,64,128,8,64,128,256,1024,#12968
4,2,2,0,8,8,2,0,16,64,128,8,64,128,256,1024,#12976
4,4,0,0,16,2,0,2,16,64,128,8,64,128,256,1024,#12996
0,4,2,0,4,2,0,2,32,64,128,8,64,128,256,1024,#13028
4,2,2,0,4,4,0,0,32,64,128,8,64,128,256,1024,#13032
0,2,0,0,8,4,2,2,32,64,128,8,64,128,256,1024,#13040
2,0,4,0,8,4,4,0,32,64,128,8,64,128,256,1024,#13044
2,4,0,2,8,8,0,0,32,64,128,8,64,128,256,1024,#13052
2,4,0,0,8,8,2,2,32,64,128,8,64,128,256,1024,#13052
2,4,0,2,16,4,0,0,32,64,128,8,64,128,256,1024,#13072
2,0,0,0,16,8,2,2,32,64,128,8,64,128,256,1024,#13080
2,0,2,0,16,8,4,0,32,64,128,8,64,128,256,1024,#13084
4,0,0,4,16,8,4,0,32,64,128,8,64,128,256,1024,#13088
4,2,0,0,16,8,4,4,32,64,128,8,64,128,256,1024,#13088
4,2,0,0,16,8,8,2,32,64,128,8,64,128,256,1024,#13096
4,2,0,2,16,16,2,0,32,64,128,8,64,128,256,1024,#13112
4,4,0,0,32,2,2,0,32,64,128,8,64,128,256,1024,#13148
2,4,0,0,4,2,2,0,64,64,128,8,64,128,256,1024,#13212
0,4,0,0,2,2,2,2,4,64,128,8,128,128,256,1024,#13340
0,0,0,4,2,0,4,4,4,64,128,8,0,256,256,1024,#13604
2,0,0,4,0,0,2,8,4,64,128,8,0,0,512,1024,#14124
0,0,2,4,0,2,2,8,4,64,128,8,0,0,512,1024,#14124
0,0,0,0,2,0,4,4,0,2,128,16,4,64,512,1024,#14144
0,0,0,0,2,0,2,8,0,2,128,16,4,64,512,1024,#14152
0,0,0,0,2,0,2,8,2,2,128,16,4,64,512,1024,#14152
0,0,0,0,2,0,2,8,4,2,128,16,4,64,512,1024,#14156
0,0,2,0,0,0,2,8,2,2,128,16,8,64,512,1024,#14164
0,2,0,0,0,0,4,8,2,2,128,16,8,64,512,1024,#14168
0,2,0,0,0,0,4,8,2,4,128,16,8,64,512,1024,#14172
0,0,2,0,0,2,4,8,2,4,128,16,8,64,512,1024,#14172
2,0,0,0,2,4,8,2,2,4,128,16,8,64,512,1024,#14172
0,0,2,0,2,0,8,2,4,8,128,16,8,64,512,1024,#14184
0,0,2,2,0,2,8,2,4,8,128,16,8,64,512,1024,#14184
2,0,2,0,0,2,8,4,4,8,128,16,8,64,512,1024,#14188
4,0,2,0,2,8,4,0,4,8,128,16,8,64,512,1024,#14192
4,2,2,0,2,0,4,0,4,16,128,16,8,64,512,1024,#14208
4,0,2,0,2,2,4,2,4,16,128,16,8,64,512,1024,#14208
4,2,0,0,4,4,2,2,4,16,128,16,8,64,512,1024,#14212
0,2,2,0,4,4,2,2,8,16,128,16,8,64,512,1024,#14220
4,0,0,0,8,4,0,2,8,16,128,16,8,64,512,1024,#14236
0,0,0,4,4,8,4,2,8,16,128,16,8,64,512,1024,#14236
4,0,0,2,4,8,4,2,8,16,128,16,8,64,512,1024,#14236
2,0,0,0,0,8,4,4,8,16,128,16,16,64,512,1024,#14264
2,0,0,0,8,8,0,2,8,16,128,16,16,64,512,1024,#14272
0,4,0,0,2,8,0,2,16,16,128,16,16,64,512,1024,#14288
0,4,0,0,2,8,0,2,2,16,128,16,32,64,512,1024,#14320
2,4,0,0,0,8,0,2,4,16,128,16,32,64,512,1024,#14324
0,4,0,0,2,8,2,2,4,16,128,16,32,64,512,1024,#14324
0,0,2,4,0,2,8,4,4,16,128,16,32,64,512,1024,#14328
0,0,2,2,0,2,8,8,4,16,128,16,32,64,512,1024,#14336
4,2,0,0,2,16,0,0,4,16,128,16,32,64,512,1024,#14356
4,2,0,0,2,2,0,0,4,32,128,16,32,64,512,1024,#14388
0,0,4,2,2,0,0,4,4,32,128,16,32,64,512,1024,#14392
0,0,0,2,2,2,4,4,4,32,128,16,32,64,512,1024,#14392
0,0,2,2,0,0,4,8,4,32,128,16,32,64,512,1024,#14404
4,0,0,0,4,8,2,0,4,32,128,16,32,64,512,1024,#14408
0,2,0,0,4,8,2,0,8,32,128,16,32,64,512,1024,#14416
2,4,0,0,4,8,2,0,8,32,128,16,32,64,512,1024,#14416
0,0,2,4,2,4,8,2,8,32,128,16,32,64,512,1024,#14416
2,4,2,0,2,4,8,2,8,32,128,16,32,64,512,1024,#14416
2,0,2,0,4,8,8,2,8,32,128,16,32,64,512,1024,#14428
4,0,0,0,4,16,2,2,8,32,128,16,32,64,512,1024,#14448
2,0,0,0,8,16,2,2,8,32,128,16,32,64,512,1024,#14456
2,0,0,0,2,16,2,2,16,32,128,16,32,64,512,1024,#14472
0,0,2,0,4,16,2,2,16,32,128,16,32,64,512,1024,#14476
0,0,2,0,4,16,4,2,16,32,128,16,32,64,512,1024,#14480
0,0,4,2,4,16,4,2,16,32,128,16,32,64,512,1024,#14480
2,0,0,0,4,16,8,4,16,32,128,16,32,64,512,1024,#14492
0,2,0,2,4,16,8,4,16,32,128,16,32,64,512,1024,#14492
4,2,0,0,4,16,8,4,16,32,128,16,32,64,512,1024,#14496
0,2,0,4,8,16,8,4,16,32,128,16,32,64,512,1024,#14504
2,4,4,0,8,16,8,4,16,32,128,16,32,64,512,1024,#14504
2,8,0,2,8,16,8,4,16,32,128,16,32,64,512,1024,#14512
2,2,8,2,8,16,8,4,16,32,128,16,32,64,512,1024,#14512
2,2,2,2,8,16,16,4,16,32,128,16,32,64,512,1024,#14528
4,4,0,2,8,32,4,0,16,32,128,16,32,64,512,1024,#14568
4,0,0,2,8,4,4,2,16,64,128,16,32,64,512,1024,#14632
4,0,0,2,8,0,4,4,16,4,128,16,32,128,512,1024,#14764
4,2,0,4,8,8,0,0,16,4,128,16,32,128,512,1024,#14772
4,2,4,2,16,0,0,0,16,4,128,16,32,128,512,1024,#14788
0,0,0,2,4,2,4,2,32,4,128,16,32,128,512,1024,#14820
0,2,0,0,0,2,4,4,4,4,128,16,64,128,512,1024,#14888
4,0,0,0,0,4,4,4,4,4,128,16,64,128,512,1024,#14892
0,2,0,0,0,0,4,4,8,8,128,16,64,128,512,1024,#14908
0,0,0,0,2,2,4,4,8,8,128,16,64,128,512,1024,#14908
0,0,0,2,4,8,0,0,16,128,16,0,64,128,512,1024,#14936
0,0,0,0,4,0,0,2,16,8,16,2,64,256,512,1024,#15192
0,2,0,0,4,0,0,0,16,8,16,4,64,256,512,1024,#15196
0,0,0,2,4,2,0,0,16,8,16,4,64,256,512,1024,#15196
2,0,0,0,4,2,0,2,16,8,16,4,64,256,512,1024,#15196
2,0,0,2,0,0,4,4,16,8,16,4,64,256,512,1024,#15200
4,2,0,0,8,0,0,0,16,8,16,4,64,256,512,1024,#15212
4,0,2,0,8,2,0,0,16,8,16,4,64,256,512,1024,#15212
4,0,2,0,8,2,2,0,16,8,16,4,64,256,512,1024,#15212
4,2,0,0,8,2,4,0,16,8,16,4,64,256,512,1024,#15216
4,2,0,0,8,4,4,0,16,8,16,4,64,256,512,1024,#15220
4,2,0,0,8,8,0,2,16,8,16,4,64,256,512,1024,#15228
4,2,0,0,16,2,0,2,16,8,16,4,64,256,512,1024,#15244
0,0,0,0,4,4,2,2,32,8,16,4,64,256,512,1024,#15280
0,0,0,0,8,4,2,0,32,8,16,4,64,256,512,1024,#15292
2,0,0,0,0,8,4,2,32,8,16,4,64,256,512,1024,#15292
0,0,0,0,2,4,4,2,32,16,16,4,64,256,512,1024,#15308
0,0,0,2,0,2,8,2,0,32,32,4,64,256,512,1024,#15348
0,0,0,2,0,2,8,2,2,0,64,4,64,256,512,1024,#15412
2,0,2,0,2,8,2,0,2,64,4,0,64,256,512,1024,#15412
0,0,0,0,2,8,4,2,4,64,4,0,64,256,512,1024,#15420
0,2,0,0,2,8,0,0,4,64,8,2,64,256,512,1024,#15428
2,0,0,0,2,8,0,2,4,64,8,2,64,256,512,1024,#15428
0,0,0,0,4,8,0,2,4,64,8,4,64,256,512,1024,#15436
0,0,2,0,0,8,0,2,8,64,8,4,64,256,512,1024,#15444
2,0,2,0,8,2,0,0,8,64,8,4,64,256,512,1024,#15444
0,2,0,0,2,2,2,0,16,64,8,4,64,256,512,1024,#15460
2,0,0,0,4,2,2,0,16,64,8,4,64,256,512,1024,#15464
2,0,2,0,4,4,0,0,16,64,8,4,64,256,512,1024,#15468
4,0,0,2,8,0,0,0,16,64,8,4,64,256,512,1024,#15480
4,2,0,0,8,0,0,2,16,64,8,4,64,256,512,1024,#15480
0,0,4,2,2,0,8,2,16,64,8,4,64,256,512,1024,#15480
0,0,0,2,2,0,4,4,16,64,16,4,64,256,512,1024,#15500
0,0,2,0,2,0,4,2,16,64,16,8,64,256,512,1024,#15508
0,0,2,2,0,2,4,2,16,64,16,8,64,256,512,1024,#15508
0,0,2,2,0,2,4,4,16,64,16,8,64,256,512,1024,#15512
0,0,4,4,0,0,2,8,16,64,16,8,64,256,512,1024,#15524
0,2,4,0,0,0,2,4,16,64,16,16,64,256,512,1024,#15540
0,0,2,4,4,0,2,4,0,16,64,32,64,256,512,1024,#15572
0,0,0,2,0,0,4,8,4,16,64,32,64,256,512,1024,#15584
2,2,0,0,4,8,0,0,4,16,64,32,64,256,512,1024,#15584
0,2,0,0,2,8,2,0,8,16,64,32,64,256,512,1024,#15592
2,2,0,0,2,8,2,0,8,16,64,32,64,256,512,1024,#15592
4,0,2,0,2,8,2,0,8,16,64,32,64,256,512,1024,#15596
4,0,0,0,2,8,4,2,8,16,64,32,64,256,512,1024,#15600
4,0,0,4,2,8,4,2,8,16,64,32,64,256,512,1024,#15600
2,0,0,8,2,8,4,2,8,16,64,32,64,256,512,1024,#15608
2,8,0,2,2,8,4,2,8,16,64,32,64,256,512,1024,#15608
0,0,0,2,4,16,4,4,8,16,64,32,64,256,512,1024,#15632
2,0,0,2,4,0,4,4,8,32,64,32,64,256,512,1024,#15664
0,0,0,4,0,2,4,8,8,32,64,32,64,256,512,1024,#15676
4,0,0,2,2,4,8,0,8,32,64,32,64,256,512,1024,#15676
4,2,0,0,2,4,8,2,8,32,64,32,64,256,512,1024,#15676
2,0,4,2,2,4,8,2,8,32,64,32,64,256,512,1024,#15676
0,0,4,4,4,4,8,4,8,32,64,32,64,256,512,1024,#15684
8,0,0,0,8,8,4,2,8,32,64,32,64,256,512,1024,#15700
0,0,4,0,8,8,4,2,16,32,64,32,64,256,512,1024,#15716
4,0,0,0,16,4,2,2,16,32,64,32,64,256,512,1024,#15732
4,0,0,0,16,4,4,2,16,32,64,32,64,256,512,1024,#15736
4,0,0,0,16,8,2,4,16,32,64,32,64,256,512,1024,#15744
0,0,2,4,16,8,2,4,16,32,64,32,64,256,512,1024,#15744
0,0,0,0,2,8,4,8,32,32,64,32,64,256,512,1024,#15788
0,2,0,0,2,8,4,8,64,64,32,0,64,256,512,1024,#15852
0,2,0,0,0,8,4,2,2,64,32,8,128,256,512,1024,#15980
0,0,2,2,0,8,4,2,2,64,32,8,128,256,512,1024,#15980
4,0,2,0,0,8,4,4,2,64,32,8,128,256,512,1024,#15984
4,2,0,2,8,8,0,0,2,64,32,8,128,256,512,1024,#15992
0,0,4,4,0,0,2,16,2,64,32,8,128,256,512,1024,#16012
8,2,0,0,2,16,0,0,2,64,32,8,128,256,512,1024,#16020
4,2,0,0,8,16,0,0,4,64,32,8,128,256,512,1024,#16024
0,2,4,2,0,0,8,16,4,64,32,8,128,256,512,1024,#16024
0,0,4,2,2,2,8,16,4,64,32,8,128,256,512,1024,#16024
4,2,0,0,4,8,16,2,4,64,32,8,128,256,512,1024,#16028
0,2,0,2,4,8,16,2,8,64,32,8,128,256,512,1024,#16036
4,0,2,0,4,8,16,2,8,64,32,8,128,256,512,1024,#16040
0,2,2,0,8,8,16,2,8,64,32,8,128,256,512,1024,#16048
2,2,2,0,0,8,16,2,16,64,32,8,128,256,512,1024,#16064
4,2,2,0,2,8,16,2,16,64,32,8,128,256,512,1024,#16064
4,4,2,0,2,8,16,2,16,64,32,8,128,256,512,1024,#16068
8,2,0,2,2,8,16,2,16,64,32,8,128,256,512,1024,#16076
2,0,8,4,2,8,16,2,16,64,32,8,128,256,512,1024,#16080
0,2,8,4,4,8,16,2,16,64,32,8,128,256,512,1024,#16084
2,8,4,4,4,8,16,2,16,64,32,8,128,256,512,1024,#16084
2,2,4,4,4,16,16,2,16,64,32,8,128,256,512,1024,#16100
0,0,4,8,2,4,32,2,16,64,32,8,128,256,512,1024,#16144
0,2,0,8,2,4,4,2,16,64,64,8,128,256,512,1024,#16208
2,8,2,0,2,8,2,0,16,128,8,0,128,256,512,1024,#16344
0,0,0,0,4,16,4,2,16,128,8,0,128,256,512,1024,#16368
0,0,0,0,4,16,4,2,16,128,8,2,128,256,512,1024,#16368
0,2,0,0,4,16,4,0,16,128,8,4,128,256,512,1024,#16372
0,2,0,2,0,4,16,4,16,128,8,4,128,256,512,1024,#16372
0,2,0,0,2,4,16,2,16,128,8,8,128,256,512,1024,#16380
2,0,0,4,2,4,16,2,16,128,16,0,128,256,512,1024,#16396
0,0,2,0,4,4,0,4,16,128,32,2,128,256,512,1024,#16432
2,0,0,0,8,4,0,2,16,128,32,2,128,256,512,1024,#16440
2,2,0,0,8,4,0,0,16,128,32,4,128,256,512,1024,#16444
0,0,2,4,0,0,8,4,16,128,32,4,128,256,512,1024,#16448
0,2,2,0,0,0,8,4,16,128,32,8,128,256,512,1024,#16456
0,2,0,4,0,0,8,4,16,128,32,8,128,256,512,1024,#16460
4,0,0,0,0,2,8,8,16,128,32,8,128,256,512,1024,#16468
4,0,4,0,2,16,0,0,16,128,32,8,128,256,512,1024,#16484
0,0,0,8,2,0,2,16,16,128,32,8,128,256,512,1024,#16492
8,2,0,0,4,16,0,0,16,128,32,8,128,256,512,1024,#16496
0,0,8,2,4,0,4,16,16,128,32,8,128,256,512,1024,#16496
8,2,0,0,8,16,0,2,16,128,32,8,128,256,512,1024,#16504
0,2,0,2,16,16,0,2,16,128,32,8,128,256,512,1024,#16520
0,0,0,4,2,0,32,2,16,128,32,8,128,256,512,1024,#16556
0,2,0,4,2,0,0,2,16,128,64,8,128,256,512,1024,#16620
2,4,0,0,4,0,2,0,16,128,64,8,128,256,512,1024,#16624
2,0,0,0,4,4,2,4,16,128,64,8,128,256,512,1024,#16624
2,2,0,0,8,2,4,0,16,128,64,8,128,256,512,1024,#16632
2,0,4,0,8,4,4,0,16,128,64,8,128,256,512,1024,#16636
2,4,0,0,8,8,0,2,16,128,64,8,128,256,512,1024,#16644
2,4,0,2,16,2,0,0,16,128,64,8,128,256,512,1024,#16660
0,4,0,0,2,2,2,2,32,128,64,8,128,256,512,1024,#16692
4,0,0,2,4,4,0,0,32,128,64,8,128,256,512,1024,#16700
2,0,0,0,8,4,0,2,32,128,64,8,128,256,512,1024,#16708
2,0,2,0,8,4,2,0,32,128,64,8,128,256,512,1024,#16708
2,0,0,2,8,4,4,0,32,128,64,8,128,256,512,1024,#16712
4,2,0,0,8,8,0,0,32,128,64,8,128,256,512,1024,#16724
4,2,0,0,16,0,0,2,32,128,64,8,128,256,512,1024,#16740
4,2,0,0,16,2,2,0,32,128,64,8,128,256,512,1024,#16740
4,2,0,2,16,4,0,0,32,128,64,8,128,256,512,1024,#16744
4,4,4,0,16,4,0,0,32,128,64,8,128,256,512,1024,#16748
8,4,0,2,16,4,0,0,32,128,64,8,128,256,512,1024,#16756
8,0,2,0,16,8,0,2,32,128,64,8,128,256,512,1024,#16764
8,2,0,0,16,8,2,2,32,128,64,8,128,256,512,1024,#16764
8,2,2,0,16,8,4,0,32,128,64,8,128,256,512,1024,#16768
8,4,2,0,16,8,4,0,32,128,64,8,128,256,512,1024,#16772
0,8,4,2,2,16,8,4,32,128,64,8,128,256,512,1024,#16772
8,4,2,2,2,16,8,4,32,128,64,8,128,256,512,1024,#16772
2,8,4,4,2,16,8,4,32,128,64,8,128,256,512,1024,#16776
2,2,8,8,2,16,8,4,32,128,64,8,128,256,512,1024,#16784
0,2,2,8,4,16,16,4,32,128,64,8,128,256,512,1024,#16804
4,8,0,2,4,32,4,0,32,128,64,8,128,256,512,1024,#16840
0,8,2,0,8,32,4,2,32,128,64,8,128,256,512,1024,#16848
8,2,2,0,8,32,4,2,32,128,64,8,128,256,512,1024,#16848
2,2,2,0,16,32,4,2,32,128,64,8,128,256,512,1024,#16864
4,2,2,0,16,32,4,2,32,128,64,8,128,256,512,1024,#16868
4,4,2,0,16,32,4,2,32,128,64,8,128,256,512,1024,#16872
8,2,0,2,16,32,4,2,32,128,64,8,128,256,512,1024,#16880
8,4,0,2,16,32,4,2,32,128,64,8,128,256,512,1024,#16884
8,4,2,2,16,32,4,2,32,128,64,8,128,256,512,1024,#16884
8,4,4,2,16,32,4,2,32,128,64,8,128,256,512,1024,#16888
8,8,2,2,16,32,4,2,32,128,64,8,128,256,512,1024,#16896
16,4,2,0,16,32,4,2,32,128,64,8,128,256,512,1024,#16916
0,4,2,2,32,32,4,2,32,128,64,8,128,256,512,1024,#16948
0,2,4,4,0,64,4,2,32,128,64,8,128,256,512,1024,#17016
32,2,8,4,128,64,64,2,0,128,512,8,2,256,0,1024,#17024
2,2,0,4,32,64,8,2,128,128,64,8,2,256,512,1024,#17024
2,0,4,4,32,64,8,2,0,256,64,8,2,256,512,1024,#17284
0,0,4,4,2,2,8,2,32,64,64,8,2,512,512,1024,#17796
2,0,0,8,0,4,8,2,0,32,128,8,0,2,1024,1024,#18960
0,0,0,8,2,4,8,2,0,32,128,8,2,2,1024,1024,#18960
0,0,0,8,2,4,8,2,0,32,128,8,2,0,4,2048,#21012
0,0,0,8,0,0,8,2,2,4,128,8,4,32,4,2048,#21016
8,2,0,0,8,2,0,0,2,4,128,8,4,32,4,2048,#21016
2,0,0,0,16,4,0,0,2,4,128,8,4,32,4,2048,#21036
2,0,2,0,16,0,0,0,2,8,128,8,4,32,4,2048,#21044
0,0,4,4,0,0,0,16,2,8,128,8,4,32,4,2048,#21048
0,0,0,8,2,0,0,16,2,8,128,8,4,32,4,2048,#21056
2,0,0,8,0,0,0,16,4,8,128,8,4,32,4,2048,#21060
0,0,0,8,0,0,2,16,2,8,128,8,8,32,4,2048,#21068
8,0,0,0,2,16,2,0,2,8,128,8,8,32,4,2048,#21068
0,0,0,0,8,16,2,2,4,8,128,8,8,32,4,2048,#21072
0,0,2,0,0,8,16,4,4,8,128,8,8,32,4,2048,#21076
0,0,2,2,0,0,16,4,4,16,128,8,8,32,4,2048,#21092
0,0,2,4,0,0,16,4,4,16,128,8,8,32,4,2048,#21096
2,0,2,0,0,0,16,8,4,16,128,8,8,32,4,2048,#21104
0,0,2,2,2,0,16,0,4,16,128,16,8,32,4,2048,#21120
0,0,0,4,4,0,2,16,4,16,128,16,8,32,4,2048,#21124
0,0,0,2,0,0,2,4,8,16,128,32,8,32,4,2048,#21164
2,0,0,2,2,4,0,0,8,16,128,32,8,32,4,2048,#21164
0,0,0,0,4,4,0,2,4,16,128,32,16,32,4,2048,#21184
0,0,2,0,0,4,0,2,8,16,128,32,16,32,4,2048,#21192
2,0,0,2,4,2,0,0,8,16,128,32,16,32,4,2048,#21192
2,0,2,0,4,2,0,2,8,16,128,32,16,32,4,2048,#21192
4,0,0,0,4,4,2,0,8,16,128,32,16,32,4,2048,#21200
2,0,0,0,8,4,2,0,8,16,128,32,16,32,4,2048,#21208
0,0,0,2,2,4,2,0,16,16,128,32,16,32,4,2048,#21224
2,0,0,0,0,4,2,2,2,16,128,32,32,32,4,2048,#21256
0,0,0,2,0,0,4,4,2,16,128,32,2,64,4,2048,#21324
0,0,4,2,0,0,4,4,0,16,128,32,4,64,4,2048,#21328
0,0,4,2,2,0,0,8,0,16,128,32,4,64,4,2048,#21336
0,0,0,2,0,2,4,8,2,16,128,32,4,64,4,2048,#21336
2,2,0,0,2,4,8,0,2,16,128,32,4,64,4,2048,#21336
0,2,2,0,2,4,8,0,4,16,128,32,4,64,4,2048,#21340
4,2,0,0,2,4,8,0,4,16,128,32,4,64,4,2048,#21344
2,2,0,0,4,4,8,0,2,16,128,32,8,64,4,2048,#21352
0,0,2,4,0,0,8,8,2,16,128,32,8,64,4,2048,#21364
2,0,2,4,0,0,0,16,2,16,128,32,8,64,4,2048,#21380
0,0,2,4,0,0,2,16,4,16,128,32,8,64,4,2048,#21384
0,2,0,4,0,0,4,16,4,16,128,32,8,64,4,2048,#21388
2,4,0,0,4,16,4,0,4,16,128,32,8,64,4,2048,#21388
0,0,0,0,2,4,4,2,8,32,128,32,8,64,4,2048,#21428
0,0,0,2,2,8,2,0,8,32,128,32,8,64,4,2048,#21436
2,0,0,0,2,8,2,2,8,32,128,32,8,64,4,2048,#21436
2,0,0,0,2,8,4,2,8,32,128,32,8,64,4,2048,#21440
2,0,0,0,0,8,4,2,4,32,128,32,16,64,4,2048,#21460
2,0,0,0,2,8,4,2,4,32,128,32,16,64,4,2048,#21460
2,0,0,0,4,8,4,2,4,32,128,32,16,64,4,2048,#21464
2,0,0,2,4,8,4,2,4,32,128,32,16,64,4,2048,#21464
0,0,2,0,2,8,4,4,8,32,128,32,16,64,4,2048,#21476
2,2,0,0,2,8,8,0,8,32,128,32,16,64,4,2048,#21484
4,0,0,2,2,16,0,0,8,32,128,32,16,64,4,2048,#21504
4,2,2,0,2,16,0,0,8,32,128,32,16,64,4,2048,#21504
4,4,0,0,2,16,0,2,8,32,128,32,16,64,4,2048,#21508
8,0,0,2,2,16,2,0,8,32,128,32,16,64,4,2048,#21516
8,0,0,2,2,16,2,2,8,32,128,32,16,64,4,2048,#21516
2,0,8,2,0,2,16,4,8,32,128,32,16,64,4,2048,#21520
2,0,8,2,2,2,16,4,8,32,128,32,16,64,4,2048,#21520
2,8,2,0,4,16,4,2,8,32,128,32,16,64,4,2048,#21524
2,2,8,2,4,16,4,2,8,32,128,32,16,64,4,2048,#21524
2,2,8,2,4,16,4,4,8,32,128,32,16,64,4,2048,#21528
4,8,2,2,4,16,8,0,8,32,128,32,16,64,4,2048,#21540
2,4,8,4,0,4,16,8,8,32,128,32,16,64,4,2048,#21544
0,2,8,4,2,8,16,8,8,32,128,32,16,64,4,2048,#21552
2,8,4,2,2,8,16,8,8,32,128,32,16,64,4,2048,#21552
0,2,4,2,4,16,16,8,8,32,128,32,16,64,4,2048,#21572
2,4,2,2,4,32,8,0,8,32,128,32,16,64,4,2048,#21604
2,0,2,2,4,4,8,2,8,64,128,32,16,64,4,2048,#21668
2,0,2,0,4,2,8,4,8,4,128,32,16,128,4,2048,#21800
4,0,0,2,4,2,8,4,8,4,128,32,16,128,4,2048,#21804
4,2,2,0,4,2,8,4,8,4,128,32,16,128,4,2048,#21804
2,0,2,0,8,4,8,4,8,4,128,32,16,128,4,2048,#21816
2,0,2,0,2,0,8,4,16,8,128,32,16,128,4,2048,#21840
2,0,2,0,0,0,8,4,4,8,128,32,32,128,4,2048,#21876
0,0,2,0,2,2,8,4,4,8,128,32,32,128,4,2048,#21876
2,0,0,0,4,8,4,2,4,8,128,32,32,128,4,2048,#21880
0,0,2,0,2,0,4,2,8,16,128,32,32,128,4,2048,#21904
2,0,0,2,0,2,4,2,8,16,128,32,32,128,4,2048,#21904
2,0,0,0,2,2,4,4,8,16,128,32,32,128,4,2048,#21908
2,2,0,0,4,8,0,0,8,16,128,32,32,128,4,2048,#21920
4,0,0,2,4,8,0,0,8,16,128,32,32,128,4,2048,#21924
2,0,0,0,8,8,0,2,8,16,128,32,32,128,4,2048,#21932
0,0,2,0,2,8,0,2,16,16,128,32,32,128,4,2048,#21948
2,0,0,0,2,8,2,2,32,128,32,0,32,128,4,2048,#21980
0,2,0,0,0,0,2,0,4,8,32,2,64,256,4,2048,#22304
2,0,2,0,2,0,0,0,4,8,32,2,64,256,4,2048,#22304
0,0,0,0,4,0,2,2,4,8,32,2,64,256,4,2048,#22308
2,0,0,0,4,4,0,0,4,8,32,2,64,256,4,2048,#22312
0,0,2,0,2,4,0,0,8,8,32,2,64,256,4,2048,#22320
2,2,0,0,2,4,0,0,16,32,2,0,64,256,4,2048,#22336
4,0,0,2,2,4,0,0,16,32,2,0,64,256,4,2048,#22340
4,2,0,2,2,4,0,0,16,32,2,0,64,256,4,2048,#22340
4,4,0,2,2,4,0,0,16,32,2,0,64,256,4,2048,#22344
8,2,0,2,2,4,0,0,16,32,2,0,64,256,4,2048,#22352
8,4,2,0,2,4,0,0,16,32,2,0,64,256,4,2048,#22356
8,0,0,0,2,8,0,0,16,32,4,2,64,256,4,2048,#22368
8,0,0,0,2,8,2,0,16,32,0,2,64,256,8,2048,#22376
8,0,0,2,2,8,0,0,16,32,2,2,64,256,8,2048,#22376
0,2,8,2,0,0,2,8,0,16,32,4,64,256,8,2048,#22380
2,8,2,0,2,8,0,2,16,32,4,0,64,256,8,2048,#22380
0,0,0,2,4,16,2,0,16,32,4,2,64,256,8,2048,#22400
4,0,0,0,4,16,2,0,16,32,4,4,64,256,8,2048,#22404
0,0,2,4,0,4,16,2,0,16,32,8,64,256,8,2048,#22412
2,4,0,0,4,16,2,2,16,32,8,0,64,256,8,2048,#22412
2,4,0,0,4,16,2,0,16,32,2,2,64,256,16,2048,#22428
2,4,2,0,4,16,0,0,16,32,4,2,64,256,16,2048,#22432
2,4,0,2,4,16,2,0,16,32,4,2,64,256,16,2048,#22432
2,4,0,2,4,16,2,0,16,32,4,4,64,256,16,2048,#22436
0,2,4,2,0,4,16,2,2,16,32,8,64,256,16,2048,#22444
0,2,4,2,0,4,16,4,2,16,32,8,64,256,16,2048,#22448
2,4,2,2,4,16,4,0,2,16,32,8,64,256,16,2048,#22448
2,2,4,4,0,4,16,4,2,16,32,8,64,256,16,2048,#22452
0,2,4,0,2,4,16,8,4,16,32,8,64,256,16,2048,#22464
2,4,2,0,2,4,16,8,4,16,32,8,64,256,16,2048,#22464
2,0,2,0,4,8,16,0,4,16,32,16,64,256,16,2048,#22492
2,0,2,0,2,8,16,0,8,16,32,16,64,256,16,2048,#22500
0,2,0,4,0,2,8,16,8,16,32,16,64,256,16,2048,#22504
0,0,0,0,2,4,8,4,8,16,32,32,64,256,16,2048,#22540
0,0,4,0,2,4,8,4,0,8,16,64,64,256,16,2048,#22604
0,0,0,4,0,4,4,4,2,8,8,64,64,256,32,2048,#22636
0,0,0,4,0,0,4,8,2,2,16,64,64,256,32,2048,#22660
0,0,0,4,0,0,4,8,2,4,16,64,64,256,32,2048,#22664
4,0,0,2,4,8,0,0,2,4,16,64,64,256,32,2048,#22664
2,0,0,0,8,8,0,2,2,4,16,64,64,256,32,2048,#22672
0,2,0,2,0,0,16,2,2,4,16,64,64,256,32,2048,#22688
0,0,0,2,0,2,0,4,2,4,32,64,64,256,32,2048,#22724
2,0,0,0,2,4,0,2,2,4,32,64,64,256,32,2048,#22724
0,0,2,0,2,0,0,2,4,8,0,64,64,256,64,2048,#22800
0,0,0,2,0,2,0,4,0,4,8,64,64,256,64,2048,#22804
2,0,0,0,2,4,0,4,4,8,64,0,64,256,64,2048,#22804
0,0,2,0,4,4,0,0,4,8,0,4,64,256,128,2048,#22936
0,0,0,0,0,4,2,0,8,8,2,4,64,256,128,2048,#22944
2,0,0,0,4,2,0,0,16,2,4,0,64,256,128,2048,#22960
2,0,0,2,4,0,0,0,16,4,4,0,64,256,128,2048,#22964
0,0,0,4,0,2,0,4,0,0,16,8,64,256,128,2048,#22976
0,0,0,0,0,0,2,8,0,2,16,8,64,256,128,2048,#22984
2,0,0,0,0,0,2,0,0,2,16,16,64,256,128,2048,#23000
2,0,0,0,2,0,0,0,2,32,0,2,64,256,128,2048,#23032
4,0,0,0,2,0,0,0,4,32,0,2,64,256,128,2048,#23036
0,0,0,4,0,0,2,2,0,4,32,2,64,256,128,2048,#23036
0,2,0,0,0,0,2,4,0,4,32,4,64,256,128,2048,#23040
0,0,2,0,0,2,2,0,0,4,32,8,64,256,128,2048,#23048
0,0,0,0,2,2,4,0,0,4,32,8,64,256,128,2048,#23052
0,2,0,0,0,0,4,4,0,4,32,8,64,256,128,2048,#23056
0,2,0,0,0,2,4,4,0,4,32,8,64,256,128,2048,#23056
0,0,2,0,0,4,4,4,0,4,32,8,64,256,128,2048,#23060
0,0,2,0,2,0,4,4,0,8,32,8,64,256,128,2048,#23068
0,0,0,2,2,0,2,8,0,8,32,8,64,256,128,2048,#23076
2,0,0,0,4,8,2,0,8,32,8,0,64,256,128,2048,#23080
0,0,0,2,2,4,8,2,0,8,32,8,64,256,128,2048,#23080
0,2,0,0,0,4,8,4,2,8,32,8,64,256,128,2048,#23084
0,0,2,2,0,4,8,4,2,8,32,8,64,256,128,2048,#23084
2,0,0,4,0,4,8,4,2,8,32,8,64,256,128,2048,#23088
4,0,0,0,0,4,8,8,4,8,32,8,64,256,128,2048,#23100
0,0,2,0,0,4,8,0,8,8,32,16,64,256,128,2048,#23124
0,0,0,2,0,0,4,8,2,16,32,16,64,256,128,2048,#23140
2,0,2,0,4,8,0,0,2,16,32,16,64,256,128,2048,#23140
4,0,2,0,4,8,0,0,2,16,32,16,64,256,128,2048,#23144
0,2,0,0,8,8,2,0,2,16,32,16,64,256,128,2048,#23152
0,0,0,2,0,2,16,2,2,16,32,16,64,256,128,2048,#23168
2,0,0,0,0,2,16,4,2,16,32,16,64,256,128,2048,#23172
0,0,0,2,0,2,16,4,4,16,32,16,64,256,128,2048,#23176
2,2,0,0,2,16,4,0,4,16,32,16,64,256,128,2048,#23176
0,2,0,0,4,2,4,0,4,32,32,16,64,256,128,2048,#23212
2,0,0,2,0,4,2,4,0,4,64,16,64,256,128,2048,#23276
0,0,0,2,0,2,2,4,2,8,64,16,64,256,128,2048,#23284
2,0,0,2,4,4,0,0,2,8,64,16,64,256,128,2048,#23288
4,0,2,0,8,0,0,0,2,8,64,16,64,256,128,2048,#23300
4,2,2,0,8,0,0,0,2,8,64,16,64,256,128,2048,#23300
4,4,0,2,8,0,0,0,2,8,64,16,64,256,128,2048,#23304
4,0,0,0,8,4,2,2,2,8,64,16,64,256,128,2048,#23304
4,0,2,0,8,4,4,0,2,8,64,16,64,256,128,2048,#23308
0,2,4,2,0,0,8,8,2,8,64,16,64,256,128,2048,#23316
0,4,4,2,0,2,8,8,2,8,64,16,64,256,128,2048,#23316
2,0,8,2,0,0,2,16,2,8,64,16,64,256,128,2048,#23340
0,0,8,2,0,0,2,2,4,8,64,32,64,256,128,2048,#23376
0,0,8,0,0,2,2,4,4,8,64,32,64,256,128,2048,#23380
0,0,0,8,0,2,4,4,4,8,64,32,64,256,128,2048,#23384
0,2,0,8,0,0,2,8,4,8,64,32,64,256,128,2048,#23392
0,2,2,8,0,0,2,8,4,8,64,32,64,256,128,2048,#23392
0,0,4,8,2,0,2,8,4,8,64,32,64,256,128,2048,#23396
0,0,4,8,0,2,4,8,4,8,64,32,64,256,128,2048,#23400
0,0,0,0,2,2,8,16,4,8,64,32,64,256,128,2048,#23424
0,0,2,0,4,8,16,0,4,8,64,32,64,256,128,2048,#23428
0,0,2,0,0,2,16,0,8,16,64,32,64,256,128,2048,#23452
2,0,2,0,2,16,0,0,8,16,64,32,64,256,128,2048,#23452
4,0,2,0,2,16,0,0,8,16,64,32,64,256,128,2048,#23456
4,2,0,0,2,16,2,0,8,16,64,32,64,256,128,2048,#23456
2,0,4,2,0,2,16,2,8,16,64,32,64,256,128,2048,#23456
0,2,4,2,2,2,16,2,8,16,64,32,64,256,128,2048,#23456
0,0,4,4,2,4,16,4,8,16,64,32,64,256,128,2048,#23464
0,0,4,2,2,4,16,8,8,16,64,32,64,256,128,2048,#23472
4,2,2,0,2,4,16,8,8,16,64,32,64,256,128,2048,#23472
4,4,0,2,2,4,16,8,8,16,64,32,64,256,128,2048,#23476
4,0,2,2,2,8,16,8,8,16,64,32,64,256,128,2048,#23484
2,0,4,4,2,8,16,8,8,16,64,32,64,256,128,2048,#23488
2,0,2,8,2,8,16,8,8,16,64,32,64,256,128,2048,#23496
0,2,2,0,4,8,16,16,8,16,64,32,64,256,128,2048,#23516
4,0,0,0,4,8,32,2,8,16,64,32,64,256,128,2048,#23552
0,0,2,0,8,8,32,2,8,16,64,32,64,256,128,2048,#23560
0,0,2,0,2,8,32,2,16,16,64,32,64,256,128,2048,#23576
0,0,0,2,2,8,32,2,2,32,64,32,64,256,128,2048,#23608
0,2,0,0,0,8,32,4,4,32,64,32,64,256,128,2048,#23616
0,0,0,2,2,8,32,4,4,32,64,32,64,256,128,2048,#23616
2,2,0,0,2,8,32,4,4,32,64,32,64,256,128,2048,#23616
2,2,0,0,4,8,32,4,4,32,64,32,64,256,128,2048,#23620
0,0,2,4,4,8,32,4,4,32,64,32,64,256,128,2048,#23624
2,0,2,0,0,8,32,8,8,32,64,32,64,256,128,2048,#23640
0,0,2,4,2,8,32,8,8,32,64,32,64,256,128,2048,#23640
2,4,0,2,2,8,32,8,8,32,64,32,64,256,128,2048,#23640
0,4,2,2,4,8,32,8,8,32,64,32,64,256,128,2048,#23644
0,2,4,4,4,8,32,8,8,32,64,32,64,256,128,2048,#23648
0,2,2,8,4,8,32,8,8,32,64,32,64,256,128,2048,#23656
2,2,2,0,4,8,32,16,8,32,64,32,64,256,128,2048,#23672
4,2,0,2,4,8,32,16,8,32,64,32,64,256,128,2048,#23676
4,4,2,0,4,8,32,16,8,32,64,32,64,256,128,2048,#23680
0,4,2,2,8,8,32,16,8,32,64,32,64,256,128,2048,#23688
2,4,2,2,0,8,32,16,16,32,64,32,64,256,128,2048,#23704
2,4,4,0,8,32,16,2,16,32,64,32,64,256,128,2048,#23708
2,0,4,2,8,4,16,2,16,64,64,32,64,256,128,2048,#23772
2,2,4,0,8,4,16,4,16,64,64,32,64,256,128,2048,#23776
4,4,2,0,8,4,16,4,16,128,32,0,64,256,128,2048,#23908
8,2,2,0,8,4,16,4,16,128,32,0,64,256,128,2048,#23916
0,0,8,4,8,4,16,4,2,16,128,32,64,256,128,2048,#23920
0,2,0,0,8,4,8,8,2,16,16,32,64,256,256,2048,#24184
2,0,0,2,0,8,4,16,0,2,32,32,0,64,512,2048,#24744
0,0,0,4,0,8,4,16,0,0,2,64,2,64,512,2048,#24812
0,2,0,4,0,0,4,16,0,8,2,64,2,64,512,2048,#24812
0,0,2,4,0,2,4,16,0,8,2,64,2,64,512,2048,#24812
2,4,2,0,2,4,16,0,8,2,64,0,2,64,512,2048,#24812
0,0,2,0,4,8,16,0,8,2,64,4,2,64,512,2048,#24824
0,0,0,2,2,4,8,16,8,2,64,4,2,64,512,2048,#24824
2,0,0,2,2,4,8,16,8,2,64,4,2,64,512,2048,#24824
0,0,2,2,4,4,8,16,8,2,64,4,2,64,512,2048,#24828
4,0,0,4,0,8,8,16,8,2,64,4,2,64,512,2048,#24840
0,0,2,8,0,0,16,16,8,2,64,4,2,64,512,2048,#24864
0,2,2,8,0,0,0,32,8,2,64,4,2,64,512,2048,#24896
0,4,0,8,0,0,2,32,8,4,64,4,2,64,512,2048,#24900
0,0,0,8,2,0,2,32,8,8,64,4,2,64,512,2048,#24908
2,0,0,8,0,0,4,32,0,16,64,4,2,64,512,2048,#24928
0,0,0,8,0,2,4,32,0,16,64,4,4,64,512,2048,#24932
4,2,4,8,0,16,64,32,2,64,512,4,0,0,0,2048,#24932
0,2,0,8,0,2,4,32,4,16,64,4,2,64,512,2048,#24932
0,0,2,8,0,4,4,32,4,16,64,4,2,64,512,2048,#24936
2,0,2,8,0,0,8,32,4,16,64,4,2,64,512,2048,#24944
2,0,2,8,2,0,8,32,4,16,64,4,2,64,512,2048,#24944
2,0,4,8,0,2,8,32,4,16,64,4,2,64,512,2048,#24948
2,0,4,8,2,2,8,32,4,16,64,4,2,64,512,2048,#24948
0,2,4,8,4,2,8,32,4,16,64,4,2,64,512,2048,#24952
0,0,4,8,2,4,8,32,8,16,64,4,2,64,512,2048,#24964
4,8,2,0,2,4,8,32,8,16,64,4,2,64,512,2048,#24964
2,4,8,2,2,4,8,32,8,16,64,4,2,64,512,2048,#24964
0,2,0,2,4,8,16,32,8,16,64,4,2,64,512,2048,#24992
4,0,2,0,4,8,16,32,8,16,64,4,2,64,512,2048,#24996
4,2,0,2,4,8,16,32,8,16,64,4,2,64,512,2048,#24996
2,2,0,2,8,8,16,32,8,16,64,4,2,64,512,2048,#25004
2,2,0,2,2,8,16,32,16,16,64,4,2,64,512,2048,#25020
0,0,2,4,2,8,16,32,2,32,64,4,2,64,512,2048,#25056
2,0,2,4,0,8,16,32,2,32,64,4,4,64,512,2048,#25060
0,0,2,4,2,8,16,32,4,32,64,4,4,64,512,2048,#25064
0,4,2,4,0,8,16,32,2,32,64,4,8,64,512,2048,#25072
4,2,4,2,8,16,32,0,2,32,64,4,8,64,512,2048,#25072
4,2,4,2,2,8,16,32,2,32,64,4,8,64,512,2048,#25072
2,2,4,2,4,8,16,32,4,32,64,4,8,64,512,2048,#25076
2,2,4,2,2,8,16,32,8,32,64,4,8,64,512,2048,#25084
2,4,4,2,2,8,16,32,8,32,64,4,8,64,512,2048,#25088
2,8,2,4,2,8,16,32,8,32,64,4,8,64,512,2048,#25096
0,0,2,4,2,16,16,32,4,32,64,4,16,64,512,2048,#25132
0,4,2,4,0,2,32,32,4,32,64,4,16,64,512,2048,#25164
4,2,4,0,2,64,0,2,4,32,64,4,16,64,512,2048,#25228
4,2,2,0,2,64,4,2,4,32,64,4,16,64,512,2048,#25228
0,2,4,4,2,64,4,2,4,32,64,4,16,64,512,2048,#25232
0,2,2,4,2,64,8,2,4,32,64,4,16,64,512,2048,#25240
0,2,4,4,2,64,8,2,4,32,64,4,16,64,512,2048,#25244
0,2,2,8,2,64,8,2,4,32,64,4,16,64,512,2048,#25252
0,4,4,8,2,64,8,2,4,32,64,4,16,64,512,2048,#25256
8,8,0,4,2,64,8,2,4,32,64,4,16,64,512,2048,#25264
0,2,16,4,2,64,8,2,4,32,64,4,16,64,512,2048,#25280
2,16,4,4,2,64,8,2,4,32,64,4,16,64,512,2048,#25280
2,16,4,4,4,64,8,2,4,32,64,4,16,64,512,2048,#25284
2,16,8,2,4,64,8,2,4,32,64,4,16,64,512,2048,#25292
0,16,2,0,2,64,16,4,8,32,64,4,16,64,512,2048,#25320
2,0,16,2,2,64,16,4,8,32,64,4,16,64,512,2048,#25320
0,2,0,0,4,64,32,2,8,32,64,8,16,64,512,2048,#25364
4,0,0,2,4,64,32,2,8,32,64,8,16,64,512,2048,#25364
2,0,0,0,8,64,32,4,8,32,64,8,16,64,512,2048,#25376
0,0,2,0,2,64,32,4,16,32,64,8,16,64,512,2048,#25392
2,0,2,0,0,64,32,4,2,32,64,8,32,64,512,2048,#25424
0,2,2,0,0,64,32,4,4,32,64,8,32,64,512,2048,#25428
0,4,0,4,0,64,32,4,4,32,64,8,32,64,512,2048,#25432
2,0,0,8,0,64,32,4,4,32,64,8,32,64,512,2048,#25440
0,0,2,8,2,64,32,4,4,32,64,8,32,64,512,2048,#25440
2,8,0,4,2,64,32,4,4,32,64,8,32,64,512,2048,#25440
0,8,0,2,4,64,32,8,4,32,64,8,32,64,512,2048,#25452
0,8,0,0,2,64,32,2,8,32,64,16,32,64,512,2048,#25476
0,2,0,8,2,64,32,2,8,32,64,16,32,64,512,2048,#25476
2,8,2,0,2,64,32,2,8,32,64,16,32,64,512,2048,#25476
0,8,2,2,4,64,32,2,8,32,64,16,32,64,512,2048,#25480
2,0,8,4,4,64,32,2,8,32,64,16,32,64,512,2048,#25484
2,2,8,4,4,64,32,2,8,32,64,16,32,64,512,2048,#25484
4,8,4,2,4,64,32,2,8,32,64,16,32,64,512,2048,#25488
0,8,4,2,8,64,32,4,8,32,64,16,32,64,512,2048,#25500
8,4,2,2,8,64,32,4,8,32,64,16,32,64,512,2048,#25500
2,4,2,2,8,64,32,4,16,32,64,16,32,64,512,2048,#25516
2,2,4,4,8,64,32,4,16,32,64,16,32,64,512,2048,#25520
2,2,4,2,8,64,32,8,16,32,64,16,32,64,512,2048,#25528
4,4,2,4,8,64,32,8,16,32,64,16,32,64,512,2048,#25532
8,2,4,2,8,64,32,8,16,32,64,16,32,64,512,2048,#25540
2,2,4,2,16,64,32,8,16,32,64,16,32,64,512,2048,#25556
2,2,4,2,2,64,32,8,32,32,64,16,32,64,512,2048,#25588
2,2,4,2,0,64,32,8,4,32,64,16,64,64,512,2048,#25656
0,4,4,2,0,64,32,8,4,32,64,16,2,128,512,2048,#25788
0,2,8,2,0,64,32,8,4,32,64,16,2,128,512,2048,#25796
2,8,2,0,64,32,8,2,4,32,64,16,2,128,512,2048,#25796
2,2,8,2,64,32,8,2,4,32,64,16,2,128,512,2048,#25796
2,0,2,0,64,2,16,4,4,64,64,16,2,128,512,2048,#25880
4,0,2,0,64,2,16,4,4,128,16,0,2,128,512,2048,#26012
4,0,0,2,64,0,2,0,4,2,32,4,2,256,512,2048,#26300
4,2,0,0,64,0,2,2,4,2,32,4,2,256,512,2048,#26300
4,0,0,2,64,0,2,2,4,4,32,4,2,256,512,2048,#26304
0,0,4,2,0,0,64,4,2,8,32,4,2,256,512,2048,#26316
0,0,4,2,0,0,64,2,0,8,32,8,4,256,512,2048,#26328
0,0,4,0,0,2,64,4,0,8,32,8,4,256,512,2048,#26332
0,2,0,4,0,2,64,4,0,8,32,8,4,256,512,2048,#26332
0,0,0,0,2,4,64,8,0,8,32,8,4,256,512,2048,#26344
0,0,0,2,0,4,64,0,2,8,32,16,4,256,512,2048,#26360
0,0,0,2,2,0,4,64,2,8,32,16,4,256,512,2048,#26360
0,2,0,2,0,0,4,64,4,8,32,16,4,256,512,2048,#26364
4,0,0,0,4,64,2,0,4,8,32,16,4,256,512,2048,#26368
0,2,0,0,0,64,2,0,8,8,32,16,8,256,512,2048,#26384
0,2,2,0,0,64,2,0,0,8,32,16,16,256,512,2048,#26400
0,0,0,4,0,2,64,2,0,8,32,16,16,256,512,2048,#26404
4,0,0,0,2,64,2,0,8,32,16,2,16,256,512,2048,#26404
0,0,2,4,0,2,64,2,8,32,16,2,16,256,512,2048,#26404
0,0,2,2,0,2,64,4,8,32,16,4,16,256,512,2048,#26408
2,0,2,0,0,2,64,2,8,32,16,8,16,256,512,2048,#26416
0,2,0,4,0,2,64,2,8,32,16,8,16,256,512,2048,#26420
0,0,0,4,2,4,64,2,8,32,16,8,16,256,512,2048,#26424
4,0,0,2,2,4,64,2,8,32,16,8,16,256,512,2048,#26424
4,0,2,0,2,4,64,4,8,32,16,8,16,256,512,2048,#26428
4,2,0,2,2,4,64,4,8,32,16,8,16,256,512,2048,#26428
0,2,4,4,2,4,64,4,8,32,16,8,16,256,512,2048,#26432
2,2,4,0,2,4,64,8,8,32,16,8,16,256,512,2048,#26440
0,2,4,0,4,4,64,2,8,32,16,16,16,256,512,2048,#26460
2,4,2,0,8,64,2,0,8,32,32,0,16,256,512,2048,#26500
2,4,0,0,2,64,4,0,16,32,32,0,16,256,512,2048,#26520
0,4,0,2,0,64,4,0,4,32,32,0,32,256,512,2048,#26556
4,2,0,0,64,4,0,0,4,64,2,0,32,256,512,2048,#26620
0,0,4,2,0,2,64,4,0,4,64,2,32,256,512,2048,#26620
0,0,0,2,0,2,4,4,2,4,128,2,32,256,512,2048,#26748
2,0,0,2,2,8,0,0,2,4,128,2,32,256,512,2048,#26756
4,0,0,0,2,8,4,0,2,4,128,2,32,256,512,2048,#26760
0,2,0,0,4,8,4,0,4,4,128,2,32,256,512,2048,#26764
0,0,2,2,0,4,8,4,0,8,128,2,32,256,512,2048,#26772
0,0,2,4,0,4,8,4,0,8,128,2,32,256,512,2048,#26776
0,4,2,0,0,4,8,8,0,8,128,2,32,256,512,2048,#26784
0,0,2,0,2,8,8,8,0,8,128,2,32,256,512,2048,#26792
0,0,2,0,0,2,8,8,2,16,128,2,32,256,512,2048,#26808
2,0,0,2,2,16,0,0,2,16,128,2,32,256,512,2048,#26824
4,0,0,2,2,16,0,0,2,16,128,2,32,256,512,2048,#26828
0,0,2,0,4,0,0,0,4,32,128,4,32,256,512,2048,#26868
2,0,0,0,4,0,2,0,4,32,128,4,32,256,512,2048,#26868
0,0,0,4,2,0,2,0,8,32,128,4,32,256,512,2048,#26876
2,0,0,0,2,0,2,0,8,32,128,8,32,256,512,2048,#26884
4,0,0,0,4,0,2,0,8,32,128,8,32,256,512,2048,#26888
0,0,2,0,8,0,2,0,8,32,128,8,32,256,512,2048,#26896
0,0,0,0,0,0,4,2,16,32,128,8,32,256,512,2048,#26916
0,2,0,0,4,2,0,0,16,32,128,8,32,256,512,2048,#26916
2,0,0,0,4,4,0,0,16,32,128,8,32,256,512,2048,#26920
2,0,2,0,8,0,0,0,16,32,128,8,32,256,512,2048,#26928
2,0,0,0,8,4,2,0,16,32,128,8,32,256,512,2048,#26928
0,2,0,2,0,8,4,2,16,32,128,8,32,256,512,2048,#26928
0,2,0,0,4,8,4,4,16,32,128,8,32,256,512,2048,#26932
0,2,0,2,0,4,8,8,16,32,128,8,32,256,512,2048,#26940
0,2,0,0,2,4,8,2,16,32,128,16,32,256,512,2048,#26956
2,2,0,0,2,4,8,2,16,32,128,16,32,256,512,2048,#26956
4,0,0,2,2,4,8,2,16,32,128,16,32,256,512,2048,#26960
0,2,4,2,2,4,8,2,16,32,128,16,32,256,512,2048,#26960
2,4,2,2,2,4,8,2,16,32,128,16,32,256,512,2048,#26960
2,0,2,0,4,8,8,4,16,32,128,16,32,256,512,2048,#26976
4,0,0,0,4,16,4,2,16,32,128,16,32,256,512,2048,#26996
0,2,0,0,8,16,4,2,16,32,128,16,32,256,512,2048,#27004
2,0,2,0,8,16,4,2,16,32,128,16,32,256,512,2048,#27004
4,0,0,2,8,16,4,2,16,32,128,16,32,256,512,2048,#27008
4,4,0,0,8,16,4,4,16,32,128,16,32,256,512,2048,#27012
8,2,0,0,8,16,8,0,16,32,128,16,32,256,512,2048,#27028
0,2,0,0,16,16,8,2,16,32,128,16,32,256,512,2048,#27044
2,2,0,0,0,16,8,2,32,32,128,16,32,256,512,2048,#27076
2,2,0,0,0,16,8,2,2,32,128,16,64,256,512,2048,#27140
0,2,0,0,2,16,8,2,4,32,128,16,64,256,512,2048,#27144
2,0,0,2,2,16,8,2,4,32,128,16,64,256,512,2048,#27144
0,0,0,2,4,16,8,4,4,32,128,16,64,256,512,2048,#27152
0,2,0,2,0,16,8,4,8,32,128,16,64,256,512,2048,#27160
2,0,0,4,0,16,8,4,8,32,128,16,64,256,512,2048,#27164
2,0,0,0,2,16,8,8,8,32,128,16,64,256,512,2048,#27172
0,0,2,0,4,16,8,8,8,32,128,16,64,256,512,2048,#27176
2,2,0,0,4,16,16,0,8,32,128,16,64,256,512,2048,#27192
4,2,0,0,4,32,0,0,8,32,128,16,64,256,512,2048,#27228
2,0,0,0,8,2,0,0,8,64,128,16,64,256,512,2048,#27300
2,0,0,0,2,2,0,0,16,64,128,16,64,256,512,2048,#27316
2,0,0,0,4,0,0,2,16,64,128,16,64,256,512,2048,#27320
2,2,0,0,4,2,0,0,16,64,128,16,64,256,512,2048,#27320
4,4,0,0,4,2,0,0,16,64,128,16,64,256,512,2048,#27324
0,4,0,0,8,2,2,0,16,64,128,16,64,256,512,2048,#27332
4,0,0,0,8,4,0,2,16,64,128,16,64,256,512,2048,#27336
4,0,0,0,8,4,2,2,16,64,128,16,64,256,512,2048,#27336
4,0,0,2,8,4,4,0,16,64,128,16,64,256,512,2048,#27340
4,2,4,0,8,8,0,0,16,64,128,16,64,256,512,2048,#27348
4,2,4,0,16,2,0,0,16,64,128,16,64,256,512,2048,#27364
0,0,0,0,4,4,4,2,32,64,128,16,64,256,512,2048,#27400
0,2,0,0,8,4,2,0,32,64,128,16,64,256,512,2048,#27408
2,2,0,0,8,4,2,0,32,64,128,16,64,256,512,2048,#27408
4,0,2,0,8,4,2,0,32,64,128,16,64,256,512,2048,#27412
4,0,0,2,8,4,4,0,32,64,128,16,64,256,512,2048,#27416
4,2,2,0,8,8,0,0,32,64,128,16,64,256,512,2048,#27424
4,4,0,0,16,0,0,2,32,64,128,16,64,256,512,2048,#27444
8,0,2,0,16,2,0,0,32,64,128,16,64,256,512,2048,#27452
8,0,0,0,16,2,2,2,32,64,128,16,64,256,512,2048,#27452
8,0,0,0,16,4,2,2,32,64,128,16,64,256,512,2048,#27456
8,0,2,0,16,4,4,0,32,64,128,16,64,256,512,2048,#27460
8,2,2,0,16,8,0,0,32,64,128,16,64,256,512,2048,#27468
8,4,0,2,16,8,0,0,32,64,128,16,64,256,512,2048,#27472
8,4,2,0,16,8,2,0,32,64,128,16,64,256,512,2048,#27472
2,8,4,2,0,16,8,2,32,64,128,16,64,256,512,2048,#27472
2,8,4,2,16,8,2,2,32,64,128,16,64,256,512,2048,#27472
2,8,4,2,16,8,4,2,32,64,128,16,64,256,512,2048,#27476
2,0,0,2,16,16,8,4,32,64,128,16,64,256,512,2048,#27504
4,0,0,0,32,8,4,2,32,64,128,16,64,256,512,2048,#27540
2,0,0,0,4,8,4,2,64,64,128,16,64,256,512,2048,#27604
0,0,2,2,4,8,4,2,0,128,128,16,64,256,512,2048,#27732
4,0,4,0,4,8,4,2,256,16,0,0,64,256,512,2048,#27992
0,0,0,2,8,8,0,0,256,16,8,2,64,256,512,2048,#28008
0,0,0,0,8,8,2,0,256,16,8,4,64,256,512,2048,#28012
0,0,0,0,0,2,16,2,256,16,8,4,64,256,512,2048,#28028
0,0,0,2,2,16,2,0,256,16,8,4,64,256,512,2048,#28028
0,0,0,0,2,2,2,2,256,32,8,4,64,256,512,2048,#28060
0,0,0,0,2,0,4,4,256,32,8,4,64,256,512,2048,#28068
0,0,0,0,2,2,4,0,256,32,8,8,64,256,512,2048,#28076
0,2,0,0,0,0,4,4,0,256,32,16,64,256,512,2048,#28096
0,4,0,0,0,0,4,4,0,2,32,16,64,512,512,2048,#28608
0,0,0,4,2,0,0,8,0,2,32,16,0,64,1024,2048,#29640
0,2,0,4,0,0,2,8,0,2,32,16,0,64,1024,2048,#29640
0,2,2,4,0,0,2,8,0,2,32,16,0,64,1024,2048,#29640
0,0,0,4,0,2,4,8,0,4,32,16,0,64,1024,2048,#29648
4,0,0,0,2,4,8,2,4,32,16,0,64,1024,2048,0,#29648
0,2,0,4,2,4,8,2,0,4,32,16,0,64,1024,2048,#29648
0,2,0,4,0,2,8,2,0,8,32,16,2,64,1024,2048,#29656
0,0,2,4,0,2,8,2,2,8,32,16,2,64,1024,2048,#29656
2,0,2,4,0,2,8,2,0,8,32,16,4,64,1024,2048,#29660
2,0,2,4,0,2,8,2,2,8,32,16,4,64,1024,2048,#29660
0,0,2,4,2,2,8,2,4,8,32,16,4,64,1024,2048,#29664
2,4,0,0,4,8,2,2,4,8,32,16,4,64,1024,2048,#29668
0,2,0,0,2,4,2,2,4,16,32,16,8,64,1024,2048,#29692
4,0,0,2,0,2,4,4,4,16,32,16,8,64,1024,2048,#29696
2,0,0,2,0,2,4,4,8,16,32,16,8,64,1024,2048,#29704
0,2,0,2,0,2,4,4,2,16,32,16,16,64,1024,2048,#29720
0,0,0,4,2,0,2,8,2,16,32,16,16,64,1024,2048,#29732
0,0,0,4,2,0,2,8,4,16,32,16,16,64,1024,2048,#29736
0,0,0,4,0,2,4,8,4,16,32,16,16,64,1024,2048,#29740
4,2,0,0,2,4,8,0,4,16,32,16,16,64,1024,2048,#29740
0,0,4,2,2,2,4,8,4,16,32,16,16,64,1024,2048,#29740
4,2,0,4,4,4,8,0,4,16,32,16,16,64,1024,2048,#29744
0,2,2,0,4,4,8,4,8,16,32,16,16,64,1024,2048,#29752
4,4,0,0,8,8,4,0,8,16,32,16,16,64,1024,2048,#29764
0,4,0,2,4,8,4,0,16,16,32,16,16,64,1024,2048,#29780
2,0,4,2,0,4,8,4,0,32,32,16,16,64,1024,2048,#29812
0,2,4,2,2,4,8,4,0,0,64,16,16,64,1024,2048,#29876
0,0,4,2,2,2,8,4,2,4,64,16,16,64,1024,2048,#29876
2,0,4,2,0,2,8,4,4,4,64,16,16,64,1024,2048,#29880
2,4,2,0,2,8,4,2,8,64,16,0,16,64,1024,2048,#29888
2,0,2,0,4,4,4,0,8,8,16,2,16,128,1024,2048,#30020
4,0,0,0,8,4,2,0,16,16,2,0,16,128,1024,2048,#30048
0,0,0,0,4,4,0,0,8,16,4,4,32,128,1024,2048,#30084
0,0,0,2,8,0,0,0,8,16,8,0,32,128,1024,2048,#30100
0,0,0,2,0,0,0,0,16,16,8,2,32,128,1024,2048,#30116
2,0,0,0,0,0,0,2,32,8,2,0,32,128,1024,2048,#30148
2,0,0,0,0,0,0,0,2,8,2,2,64,128,1024,2048,#30212
0,2,0,0,0,0,0,0,4,8,2,2,64,128,1024,2048,#30216
0,0,0,2,0,2,0,0,4,8,2,2,64,128,1024,2048,#30216
0,2,0,0,0,2,0,0,4,8,2,4,64,128,1024,2048,#30220
2,0,0,0,0,4,0,0,4,8,2,4,64,128,1024,2048,#30224
2,0,0,0,2,4,0,0,4,8,2,4,64,128,1024,2048,#30224
0,2,0,0,4,4,0,0,4,8,2,4,64,128,1024,2048,#30228
0,2,2,0,0,4,0,0,8,8,2,4,64,128,1024,2048,#30236
0,2,0,0,0,4,0,2,8,8,4,4,64,128,1024,2048,#30240
2,2,0,0,4,2,0,0,16,8,0,0,64,128,1024,2048,#30264
2,0,0,0,4,4,0,2,16,8,0,0,64,128,1024,2048,#30268
2,0,0,0,8,2,2,0,16,8,0,0,64,128,1024,2048,#30276
2,2,0,0,8,2,0,0,16,8,2,0,64,128,1024,2048,#30276
2,4,0,0,8,4,0,0,16,8,2,0,64,128,1024,2048,#30280
2,0,0,0,8,8,0,2,16,8,2,0,64,128,1024,2048,#30288
2,0,2,0,8,0,0,0,16,16,2,2,64,128,1024,2048,#30304
4,0,2,0,8,0,0,0,32,4,0,0,64,128,1024,2048,#30344
4,0,0,0,8,0,0,0,32,4,2,2,64,128,1024,2048,#30344
4,0,0,2,8,0,0,0,32,4,4,0,64,128,1024,2048,#30348
4,2,0,0,8,0,2,0,32,8,0,0,64,128,1024,2048,#30356
4,2,0,0,8,2,0,4,32,8,0,0,64,128,1024,2048,#30356
4,0,0,2,8,4,0,0,32,8,0,4,64,128,1024,2048,#30360
4,2,0,2,8,4,0,0,32,8,4,0,64,128,1024,2048,#30360
4,2,0,0,8,4,0,4,32,8,4,2,64,128,1024,2048,#30360
4,2,4,0,8,8,0,0,32,8,4,2,64,128,1024,2048,#30368
4,0,0,0,8,2,2,0,32,16,8,2,64,128,1024,2048,#30392
4,0,0,2,8,4,0,0,32,16,8,2,64,128,1024,2048,#30396
4,0,0,0,8,4,0,2,32,16,8,4,64,128,1024,2048,#30400
4,0,0,0,8,4,2,2,32,16,8,4,64,128,1024,2048,#30400
4,2,0,0,8,4,4,0,32,16,8,4,64,128,1024,2048,#30404
4,2,0,0,8,8,2,0,32,16,8,4,64,128,1024,2048,#30412
4,2,2,0,16,2,0,0,32,16,8,4,64,128,1024,2048,#30428
4,0,0,0,16,4,2,2,32,16,8,4,64,128,1024,2048,#30432
4,0,0,2,16,4,4,0,32,16,8,4,64,128,1024,2048,#30436
4,0,4,0,16,4,4,2,32,16,8,4,64,128,1024,2048,#30436
8,0,0,2,16,8,2,0,32,16,8,4,64,128,1024,2048,#30452
8,2,0,0,16,8,2,2,32,16,8,4,64,128,1024,2048,#30452
8,2,0,0,16,8,4,2,32,16,8,4,64,128,1024,2048,#30456
0,2,8,2,16,8,4,2,32,16,8,4,64,128,1024,2048,#30456
4,2,8,0,16,8,4,4,32,16,8,4,64,128,1024,2048,#30460
4,2,8,2,16,8,4,0,32,16,8,8,64,128,1024,2048,#30468
4,2,8,2,0,16,8,4,2,32,16,16,64,128,1024,2048,#30484
4,2,8,2,2,16,8,4,0,2,32,32,64,128,1024,2048,#30516
4,2,8,2,2,16,8,4,0,2,2,64,64,128,1024,2048,#30580
0,2,2,2,4,16,16,4,2,2,2,64,64,128,1024,2048,#30596
0,2,2,4,0,4,32,4,0,2,4,64,64,128,1024,2048,#30636
0,0,4,4,0,4,32,4,2,2,4,64,64,128,1024,2048,#30640
0,0,0,8,0,4,32,4,2,4,4,64,64,128,1024,2048,#30652
0,4,0,8,0,4,32,4,0,2,8,64,64,128,1024,2048,#30660
2,0,4,8,0,4,32,4,0,2,8,64,64,128,1024,2048,#30660
0,0,4,8,2,4,32,4,2,2,8,64,64,128,1024,2048,#30660
4,8,0,0,2,4,32,4,4,8,64,2,64,128,1024,2048,#30664
2,0,4,8,2,4,32,4,4,8,64,2,64,128,1024,2048,#30664
0,2,4,8,4,4,32,4,4,8,64,2,64,128,1024,2048,#30668
0,2,4,8,2,4,32,4,8,8,64,2,64,128,1024,2048,#30676
2,4,8,2,2,4,32,4,16,64,2,0,64,128,1024,2048,#30692
0,0,8,2,4,8,32,2,16,64,2,4,64,128,1024,2048,#30704
8,2,0,2,4,8,32,2,16,64,2,4,64,128,1024,2048,#30704
8,2,0,2,4,8,32,4,16,64,2,4,64,128,1024,2048,#30708
2,0,8,4,4,8,32,4,16,64,2,4,64,128,1024,2048,#30712
2,2,8,0,4,8,32,4,16,64,2,8,64,128,1024,2048,#30720
4,8,0,2,4,8,32,4,16,64,2,8,64,128,1024,2048,#30724
2,0,0,2,8,16,32,4,16,64,2,8,64,128,1024,2048,#30748
4,0,2,0,8,16,32,4,16,64,2,8,64,128,1024,2048,#30752
4,2,0,2,8,16,32,4,16,64,2,8,64,128,1024,2048,#30752
4,4,0,2,8,16,32,4,16,64,2,8,64,128,1024,2048,#30756
8,2,2,0,8,16,32,4,16,64,2,8,64,128,1024,2048,#30764
4,2,2,0,16,16,32,4,16,64,2,8,64,128,1024,2048,#30780
0,2,4,4,0,32,32,4,16,64,2,8,64,128,1024,2048,#30816
0,0,2,8,0,2,64,4,16,64,2,8,64,128,1024,2048,#30888
2,8,2,0,2,64,4,0,16,64,2,8,64,128,1024,2048,#30888
0,2,2,0,4,8,4,0,16,128,2,8,64,128,1024,2048,#31020
2,0,2,0,4,2,4,0,16,8,2,8,64,256,1024,2048,#31276
4,0,2,0,4,2,4,0,16,8,2,8,64,256,1024,2048,#31280
0,0,2,4,8,2,4,0,16,8,2,8,64,256,1024,2048,#31288
2,0,2,0,8,2,4,4,16,8,2,8,64,256,1024,2048,#31288
0,0,2,4,0,8,2,8,16,8,2,8,64,256,1024,2048,#31300
0,0,0,0,2,0,2,4,16,16,4,16,64,256,1024,2048,#31336
0,2,0,0,0,0,4,4,0,32,4,16,64,256,1024,2048,#31372
0,0,0,2,0,2,0,4,0,32,8,16,64,256,1024,2048,#31380
0,0,0,2,0,2,2,4,0,32,8,16,64,256,1024,2048,#31380
0,0,0,2,0,2,4,4,0,32,8,16,64,256,1024,2048,#31384
0,2,0,2,0,0,2,8,0,32,8,16,64,256,1024,2048,#31392
0,0,2,4,0,0,2,8,0,32,8,16,64,256,1024,2048,#31396
0,0,2,4,0,0,4,8,0,32,8,16,64,256,1024,2048,#31400
2,4,0,2,4,8,0,0,32,8,16,0,64,256,1024,2048,#31400
0,2,4,2,2,0,4,8,0,32,8,16,64,256,1024,2048,#31400
0,2,4,2,2,2,4,8,0,32,8,16,64,256,1024,2048,#31400
0,2,0,2,0,4,8,8,2,32,8,16,64,256,1024,2048,#31412
0,2,0,2,2,4,0,8,2,32,16,16,64,256,1024,2048,#31428
0,0,0,4,2,2,4,8,0,2,32,32,64,256,1024,2048,#31464
2,0,0,4,0,4,4,8,0,0,2,64,64,256,1024,2048,#31532
0,2,0,4,0,0,4,8,2,4,2,64,64,256,1024,2048,#31532
0,0,2,4,0,2,4,8,2,4,2,64,64,256,1024,2048,#31532
2,4,2,0,2,4,8,0,2,4,2,64,64,256,1024,2048,#31532
0,0,2,2,2,4,8,0,4,8,2,64,64,256,1024,2048,#31544
0,2,0,4,0,2,4,8,4,8,2,64,64,256,1024,2048,#31548
0,2,0,4,0,4,4,8,4,8,2,64,64,256,1024,2048,#31552
0,2,2,4,0,0,8,8,4,8,2,64,64,256,1024,2048,#31560
2,0,4,4,0,0,0,16,4,8,2,64,64,256,1024,2048,#31580
0,0,2,8,0,0,2,16,4,8,2,64,64,256,1024,2048,#31588
2,0,0,8,0,0,2,16,4,8,4,64,64,256,1024,2048,#31592
2,0,2,8,0,0,2,16,4,8,4,64,64,256,1024,2048,#31592
0,2,0,8,2,0,4,16,4,8,4,64,64,256,1024,2048,#31596
0,0,2,8,2,2,0,16,4,8,8,64,64,256,1024,2048,#31604
2,8,0,0,4,16,0,2,4,16,64,0,64,256,1024,2048,#31624
2,0,2,8,0,4,16,2,0,4,16,64,64,256,1024,2048,#31624
0,0,4,8,2,4,16,2,0,4,16,64,64,256,1024,2048,#31628
0,2,0,8,0,0,4,2,2,8,32,64,64,256,1024,2048,#31668
0,2,0,8,0,2,4,2,2,8,32,64,64,256,1024,2048,#31668
2,8,2,0,2,4,2,0,2,8,32,64,64,256,1024,2048,#31668
0,8,0,2,2,4,4,0,4,8,32,64,64,256,1024,2048,#31676
2,8,0,0,2,4,4,2,4,8,32,64,64,256,1024,2048,#31676
2,8,0,0,4,4,4,2,4,8,32,64,64,256,1024,2048,#31680
2,8,0,0,8,4,2,2,4,8,32,64,64,256,1024,2048,#31688
0,0,2,8,2,8,4,4,4,8,32,64,64,256,1024,2048,#31692
2,0,2,8,0,2,8,8,4,8,32,64,64,256,1024,2048,#31700
4,0,2,0,2,2,8,16,4,8,32,64,64,256,1024,2048,#31716
4,2,0,2,4,8,16,0,4,8,32,64,64,256,1024,2048,#31720
4,4,0,2,4,8,16,0,4,8,32,64,64,256,1024,2048,#31724
8,2,0,0,4,8,16,2,4,8,32,64,64,256,1024,2048,#31732
0,2,0,0,8,2,16,2,8,16,32,64,64,256,1024,2048,#31756
0,0,4,0,0,4,16,2,16,16,32,64,64,256,1024,2048,#31776
2,0,0,4,0,4,16,2,0,32,32,64,64,256,1024,2048,#31808
2,4,0,0,4,16,2,0,64,64,0,2,64,256,1024,2048,#31872
0,4,0,0,2,16,0,4,4,64,2,2,128,256,1024,2048,#32000
0,0,0,4,2,2,16,4,0,4,64,4,128,256,1024,2048,#32004
0,2,0,0,0,2,16,4,2,4,64,8,128,256,1024,2048,#32012
0,2,0,2,0,2,16,4,2,4,64,8,128,256,1024,2048,#32012
0,0,2,4,0,2,16,4,2,4,64,8,128,256,1024,2048,#32016
2,4,0,0,2,16,4,2,2,4,64,8,128,256,1024,2048,#32016
2,4,0,0,2,16,4,2,4,4,64,8,128,256,1024,2048,#32020
0,0,2,4,2,16,4,2,2,8,64,8,128,256,1024,2048,#32028
2,4,0,2,2,16,4,2,2,8,64,8,128,256,1024,2048,#32028
0,4,0,4,2,16,4,4,4,8,64,8,128,256,1024,2048,#32036
2,0,0,8,0,2,16,8,4,8,64,8,128,256,1024,2048,#32052
2,0,0,0,2,2,16,8,4,8,64,16,128,256,1024,2048,#32068
2,0,0,2,4,16,8,0,4,8,64,16,128,256,1024,2048,#32072
