794
0,0,0,0,0,0,0,0,2,0,0,4,0,0,0,0,#0
0,0,0,0,0,0,2,0,0,0,2,4,0,0,0,0,#0
0,0,0,0,0,0,0,2,0,0,2,4,0,2,0,0,#0
0,0,0,0,0,0,0,0,0,0,2,2,0,2,2,4,#0
0,0,0,0,0,0,0,2,0,0,0,2,0,2,4,4,#4
4,0,0,0,2,0,0,0,2,0,0,0,2,8,0,0,#12
0,0,0,0,4,0,0,0,2,0,2,0,4,8,0,0,#16
0,2,0,0,4,0,0,0,2,0,0,0,4,8,2,0,#16
0,0,0,2,0,0,0,4,0,2,0,2,0,4,8,2,#16
0,0,0,0,0,0,0,2,0,2,0,4,2,4,8,4,#20
0,0,0,0,2,0,2,0,2,4,0,0,2,4,8,4,#20
0,0,0,0,2,0,0,0,2,0,2,0,4,8,8,4,#32
0,0,0,0,0,0,4,0,4,0,2,0,4,8,8,4,#36
0,0,0,0,0,0,4,2,0,0,2,0,8,8,8,4,#44
0,0,0,0,4,2,2,0,2,0,0,0,16,8,4,0,#60
0,0,0,0,4,0,0,0,2,2,2,2,16,8,4,0,#60
0,0,0,0,4,2,0,0,4,4,0,0,16,8,4,0,#68
0,0,2,0,0,2,0,0,8,4,0,0,16,8,4,0,#76
0,0,0,2,0,0,2,2,0,0,8,4,0,16,8,4,#76
2,0,0,0,4,0,0,2,8,4,0,0,16,8,4,0,#80
2,0,0,0,4,2,0,0,8,4,0,0,16,8,4,2,#80
2,0,0,2,0,0,4,2,0,0,8,4,16,8,4,2,#80
4,0,0,0,4,2,0,2,8,4,0,0,16,8,4,2,#84
0,2,0,4,0,0,4,4,0,0,8,4,16,8,4,2,#88
0,0,0,0,4,0,4,4,0,2,8,8,16,8,4,2,#96
0,2,0,0,8,4,0,0,2,16,0,0,16,8,4,2,#120
0,0,0,2,2,0,8,4,0,0,2,16,16,8,4,2,#120
2,0,0,2,0,0,8,4,2,0,2,16,16,8,4,2,#120
4,0,0,0,8,4,0,2,4,16,0,0,16,8,4,2,#128
0,0,0,4,0,8,4,2,0,2,4,16,16,8,4,2,#128
0,0,2,4,0,8,0,2,0,2,4,16,16,8,8,2,#136
2,4,0,0,8,2,2,0,2,4,16,0,16,16,2,0,#152
2,4,0,0,8,4,0,2,2,4,16,0,32,2,0,0,#188
2,2,0,0,8,4,0,0,2,8,0,0,32,2,16,2,#196
4,0,0,0,8,4,0,0,2,8,0,4,32,2,16,2,#200
4,0,0,2,8,4,0,0,2,8,4,0,32,2,16,2,#200
4,0,0,0,8,4,2,0,2,8,4,0,32,2,16,4,#204
2,0,0,4,0,8,4,2,0,2,8,4,32,2,16,4,#204
0,2,0,0,0,0,4,4,2,8,8,2,32,4,16,8,#216
0,0,4,0,0,2,4,4,2,8,8,2,32,4,16,8,#216
0,0,2,0,0,2,8,4,2,8,8,2,32,4,16,8,#224
0,0,0,0,2,2,2,4,2,8,16,2,32,4,16,8,#240
0,0,2,0,0,2,0,4,4,8,2,2,32,4,32,8,#276
0,0,0,0,0,2,2,4,4,8,4,2,32,4,32,8,#280
0,2,0,0,0,0,4,4,4,8,4,2,32,4,32,8,#284
0,0,0,0,2,2,0,4,4,8,8,2,32,4,32,8,#292
0,0,2,0,4,4,0,0,4,16,2,0,32,4,32,8,#312
0,2,0,0,0,4,0,0,8,16,4,0,32,4,32,8,#324
0,0,0,2,0,2,0,4,0,8,16,4,32,4,32,8,#324
0,0,0,0,0,2,2,2,0,8,16,8,32,4,32,8,#332
0,0,0,0,0,2,2,2,0,8,16,2,32,4,32,16,#348
0,0,0,0,0,0,2,4,2,8,16,2,32,4,32,16,#352
4,0,0,0,2,4,0,0,2,8,16,2,32,4,32,16,#352
0,0,0,0,4,4,2,0,4,8,16,2,32,4,32,16,#356
0,0,2,0,8,2,0,0,4,8,16,2,32,4,32,16,#364
0,2,0,0,8,2,2,0,4,8,16,2,32,4,32,16,#364
2,0,0,0,8,4,2,0,4,8,16,2,32,4,32,16,#368
2,0,0,2,0,8,4,2,4,8,16,2,32,4,32,16,#368
0,0,2,0,2,0,4,2,4,16,16,4,32,4,32,16,#388
2,0,0,2,2,4,2,0,4,32,4,0,32,4,32,16,#420
0,2,0,4,0,2,4,2,0,4,32,4,32,4,32,16,#424
0,4,0,4,0,0,0,2,0,4,4,4,32,8,64,16,#500
8,2,0,0,2,0,0,0,8,4,0,0,32,8,64,16,#516
0,0,8,2,0,0,2,2,0,0,8,4,32,8,64,16,#516
0,2,8,0,0,0,2,4,0,0,8,4,32,8,64,16,#520
2,8,0,0,2,4,0,0,8,4,2,0,32,8,64,16,#520
0,0,2,8,0,0,2,4,4,8,4,2,32,8,64,16,#520
4,0,0,8,0,0,4,4,4,0,4,2,32,16,64,16,#540
4,8,0,0,8,0,0,0,8,2,0,2,32,16,64,16,#556
2,0,4,8,0,0,0,8,0,0,8,4,32,16,64,16,#560
0,0,0,0,2,0,4,16,2,0,8,4,32,16,64,16,#576
0,0,0,0,2,4,16,2,2,8,4,0,32,16,64,16,#576
0,0,2,0,0,4,16,0,4,8,4,2,32,16,64,16,#580
2,0,0,0,4,16,0,2,4,8,4,2,32,16,64,16,#580
0,0,0,2,2,16,0,0,8,8,4,4,32,16,64,16,#592
0,0,2,2,0,0,2,16,0,0,16,8,32,16,64,16,#616
4,0,0,0,2,16,2,0,16,8,0,0,32,16,64,16,#620
4,0,0,0,2,16,0,2,16,8,2,0,32,16,64,16,#620
0,0,0,4,0,2,16,2,2,16,8,2,32,16,64,16,#620
4,0,2,0,2,16,2,0,2,16,8,2,32,16,64,16,#620
0,2,4,2,0,2,16,2,2,16,8,2,32,16,64,16,#620
0,0,4,2,0,0,16,2,2,4,8,4,32,32,64,16,#660
4,2,0,0,16,2,0,0,2,4,8,4,64,64,16,2,#724
4,0,0,0,16,4,4,0,2,4,8,4,64,64,16,2,#728
4,0,0,0,16,8,2,0,2,4,8,4,128,16,2,0,#864
4,0,0,0,16,8,2,2,2,4,8,0,128,16,2,4,#864
4,0,0,0,16,8,2,2,2,4,8,2,128,16,2,4,#864
4,0,0,0,16,8,2,2,2,4,8,4,128,16,2,4,#868
4,0,0,0,16,8,2,2,2,4,8,2,128,16,2,8,#876
4,0,2,0,16,8,2,0,2,4,8,4,128,16,2,8,#880
4,0,0,2,16,8,4,0,2,4,8,4,128,16,2,8,#884
4,2,0,0,16,8,4,2,2,4,8,4,128,16,2,8,#884
0,2,4,2,16,8,4,2,2,4,8,4,128,16,2,8,#884
0,2,0,2,16,8,8,4,2,4,8,4,128,16,2,8,#896
2,2,0,0,16,8,0,2,2,4,16,8,128,16,2,8,#920
2,0,0,4,0,16,8,2,2,4,16,8,128,16,2,8,#924
4,0,0,0,0,16,8,4,4,4,16,2,128,16,2,16,#944
4,0,0,2,16,8,4,0,8,16,2,0,128,16,2,16,#952
4,2,0,0,16,8,4,0,8,16,2,2,128,16,2,16,#952
4,2,0,0,16,8,4,2,8,16,4,0,128,16,2,16,#956
4,0,0,0,16,2,0,2,8,8,8,2,128,32,2,16,#996
4,2,0,0,16,4,0,0,16,8,2,0,128,32,2,16,#1016
0,2,0,0,4,4,0,2,32,8,0,0,128,32,4,16,#1052
0,2,2,0,4,4,0,0,32,8,0,2,128,32,4,16,#1052
0,2,0,0,4,4,2,0,32,8,2,2,128,32,4,16,#1052
0,2,0,0,4,4,0,2,32,8,4,2,128,32,4,16,#1056
0,2,0,2,4,4,0,0,32,8,0,4,128,32,8,16,#1068
4,2,0,0,8,0,0,0,32,8,4,0,128,32,8,16,#1080
4,0,0,0,8,2,0,0,32,8,4,2,128,32,8,16,#1080
0,2,0,4,0,0,8,2,32,8,4,2,128,32,8,16,#1080
0,0,0,0,2,2,8,4,32,8,4,4,128,32,8,16,#1084
0,0,0,0,4,8,4,0,32,8,8,2,128,32,8,16,#1096
0,4,0,0,4,0,0,0,32,16,4,2,128,32,16,16,#1128
4,0,0,0,4,4,0,0,32,16,4,2,128,32,32,0,#1160
4,0,0,0,8,0,0,0,32,16,4,2,128,64,2,0,#1232
4,0,0,0,8,0,0,0,32,16,4,2,128,64,2,2,#1232
4,0,0,0,8,2,0,0,32,16,4,2,128,64,4,0,#1236
4,0,0,4,8,2,0,0,32,16,0,0,128,64,8,2,#1244
4,0,0,0,8,2,0,2,32,16,0,4,128,64,8,2,#1244
4,0,0,0,8,4,0,0,32,16,4,2,128,64,8,2,#1248
4,0,0,0,8,4,2,0,32,16,4,0,128,64,8,4,#1252
4,4,2,4,8,16,4,2,32,64,8,0,128,0,0,0,#1252
4,2,0,0,8,4,2,0,32,16,4,4,128,64,8,2,#1252
0,0,4,2,0,8,4,2,2,32,16,8,128,64,8,2,#1260
0,2,0,0,0,8,8,4,2,32,16,8,128,64,8,2,#1272
0,0,0,2,2,0,16,4,2,32,16,8,128,64,8,2,#1288
0,2,0,2,0,0,0,4,4,32,32,8,128,64,8,2,#1324
0,0,0,4,0,0,2,4,0,4,64,8,128,64,8,2,#1392
0,0,2,0,0,0,2,8,0,4,64,8,128,64,8,2,#1400
0,0,0,0,0,0,4,0,2,4,64,16,128,64,8,2,#1420
0,0,0,2,4,0,0,0,2,4,64,16,128,64,8,2,#1420
0,0,0,0,4,2,0,2,2,4,64,16,128,64,8,2,#1420
0,0,0,0,0,2,4,4,2,4,64,16,128,64,8,2,#1424
0,0,0,2,2,8,0,0,2,4,64,16,128,64,8,2,#1432
0,0,2,0,0,8,0,2,4,4,64,16,128,64,8,2,#1436
2,0,0,0,8,2,0,2,8,64,16,0,128,64,8,2,#1444
0,0,0,0,2,2,0,0,16,2,16,0,128,128,8,4,#1592
0,0,0,2,4,0,0,0,16,2,16,0,256,8,4,0,#1852
0,0,0,0,4,2,0,0,16,2,16,0,256,8,4,2,#1852
0,0,0,0,4,0,0,2,16,4,16,0,256,8,4,2,#1856
0,0,2,0,4,0,0,0,16,4,16,0,256,8,4,4,#1860
0,0,0,0,4,0,2,0,16,4,16,2,256,8,4,4,#1860
0,0,0,2,4,2,0,0,16,4,16,2,256,8,8,0,#1868
2,0,0,2,4,2,0,0,16,4,16,2,256,16,0,0,#1884
2,0,2,0,4,2,0,0,16,4,0,0,256,16,16,4,#1888
4,0,0,0,4,2,0,0,16,4,0,0,256,32,4,2,#1924
0,0,0,0,8,2,2,0,16,4,0,0,256,32,4,2,#1932
0,2,0,0,8,2,0,0,16,4,2,0,256,32,4,2,#1932
0,0,0,0,8,4,0,2,16,4,2,0,256,32,4,2,#1936
0,0,0,0,8,0,0,2,16,8,2,0,256,32,4,4,#1948
0,0,0,0,8,0,2,0,16,8,2,2,256,32,4,4,#1948
0,0,2,0,8,2,0,0,16,8,4,0,256,32,8,0,#1960
0,0,0,2,8,2,2,0,16,8,4,0,256,32,8,0,#1960
2,0,0,0,8,4,0,2,16,8,4,0,256,32,8,0,#1964
2,0,0,0,8,4,2,2,16,8,4,0,256,32,8,0,#1964
2,2,0,0,8,4,4,0,16,8,4,0,256,32,8,0,#1968
2,2,0,0,8,4,0,0,16,8,8,0,256,32,8,2,#1976
4,0,0,0,8,4,2,0,16,16,0,0,256,32,8,2,#1996
4,0,2,0,8,4,2,0,32,0,0,0,256,32,8,2,#2028
4,4,0,0,8,0,0,0,32,4,4,0,256,32,8,2,#2032
0,0,0,8,0,0,0,8,2,0,32,8,256,32,8,2,#2048
8,0,0,0,8,0,0,2,2,32,8,0,256,32,8,2,#2048
0,0,2,0,16,0,0,0,2,0,0,0,256,64,16,4,#2148
0,0,0,0,16,0,0,2,2,0,2,0,256,64,16,4,#2148
0,0,4,0,16,2,0,0,4,0,0,0,256,64,16,4,#2152
0,0,0,0,16,0,0,2,4,2,4,0,256,64,16,4,#2152
0,0,0,0,16,0,2,0,4,2,4,2,256,64,16,4,#2152
0,0,2,0,16,2,0,0,4,2,4,2,256,64,16,4,#2152
0,2,0,0,16,0,2,0,4,4,4,2,256,64,16,4,#2156
0,0,2,0,16,2,2,0,4,4,4,2,256,64,16,4,#2156
2,0,2,0,16,4,0,0,8,4,2,0,256,64,16,4,#2168
2,0,2,0,16,0,0,0,8,8,4,0,256,64,16,4,#2180
4,0,0,0,16,0,0,0,16,4,2,0,256,64,16,4,#2200
0,0,0,4,0,0,0,16,2,16,4,2,256,64,16,4,#2200
4,0,0,2,16,0,0,0,2,16,4,2,256,64,16,4,#2200
4,0,0,0,16,0,2,0,2,16,4,4,256,64,16,4,#2204
4,0,0,0,16,0,2,2,2,16,4,0,256,64,16,8,#2212
4,0,0,0,16,0,2,4,2,16,4,2,256,64,16,8,#2212
4,2,0,0,16,2,4,0,2,16,4,2,256,64,16,8,#2212
4,0,0,0,16,4,2,0,2,16,8,2,256,64,16,8,#2224
2,0,0,4,0,16,4,2,2,16,8,2,256,64,16,8,#2224
2,0,0,0,0,0,4,4,4,32,8,4,256,64,16,8,#2264
2,0,0,0,2,0,4,0,4,32,8,8,256,64,16,8,#2272
0,0,0,0,4,0,4,0,4,32,8,2,256,64,16,16,#2292
0,0,0,0,8,0,2,0,4,32,8,2,256,64,32,0,#2332
0,0,2,0,8,0,2,0,4,32,8,0,256,64,32,2,#2332
2,0,0,2,0,0,8,2,0,4,32,8,256,64,32,2,#2332
0,0,0,0,0,2,0,4,2,4,8,8,256,64,64,2,#2400
0,0,2,0,2,4,0,0,2,4,16,0,256,128,2,0,#2544
0,0,0,0,0,0,2,0,4,8,16,0,256,128,2,4,#2556
0,0,0,0,2,0,2,0,4,8,16,0,256,128,2,4,#2556
2,0,0,0,4,0,0,0,4,8,16,0,256,128,2,4,#2560
0,0,0,0,2,0,0,2,8,8,16,0,256,128,2,4,#2568
0,0,0,0,4,0,0,2,16,16,0,0,256,128,2,4,#2588
0,2,0,0,4,0,0,0,16,16,0,2,256,128,2,4,#2588
2,0,0,0,4,0,0,2,32,2,0,0,256,128,2,4,#2620
2,0,0,0,4,0,2,0,32,2,0,2,256,128,2,4,#2620
2,0,4,0,4,2,0,0,32,4,0,0,256,128,2,4,#2624
2,0,0,2,4,2,0,0,32,4,4,0,256,128,2,4,#2624
4,0,0,2,4,2,0,0,32,8,0,0,256,128,2,4,#2636
0,0,0,0,8,2,0,0,32,8,4,2,256,128,2,4,#2644
0,4,0,0,0,0,8,2,32,8,4,2,256,128,2,4,#2644
4,2,0,0,8,2,0,0,32,8,4,2,256,128,2,4,#2644
4,0,0,2,8,4,0,0,32,8,4,2,256,128,2,4,#2648
4,0,4,2,0,0,8,4,32,8,4,2,256,128,2,4,#2648
8,2,2,0,8,4,0,0,32,8,4,2,256,128,2,4,#2656
0,2,0,2,16,4,2,0,32,8,4,2,256,128,2,4,#2672
0,2,0,4,0,16,4,2,32,8,4,2,256,128,2,4,#2676
0,2,0,0,2,16,0,4,32,8,8,4,256,128,2,4,#2688
2,0,0,4,2,16,4,0,32,16,4,0,256,128,2,4,#2704
0,0,2,0,4,0,0,0,32,32,8,0,256,128,2,8,#2756
2,2,0,0,4,0,0,0,64,8,0,0,256,128,2,8,#2820
0,0,0,4,0,0,0,4,0,2,64,8,256,128,2,8,#2824
0,0,0,0,0,0,0,0,2,2,64,8,256,128,2,16,#2848
0,0,0,0,0,0,0,2,0,4,64,8,256,128,2,16,#2852
0,2,0,0,2,0,0,0,4,64,8,0,256,128,2,16,#2852
2,2,0,0,2,0,0,0,4,64,8,0,256,128,2,16,#2852
0,0,0,0,4,2,0,0,4,64,8,2,256,128,2,16,#2856
0,2,0,0,0,2,0,0,8,64,8,2,256,128,2,16,#2864
2,0,0,0,0,4,0,0,8,64,8,2,256,128,2,16,#2868
2,0,0,2,4,0,0,0,8,64,8,2,256,128,2,16,#2868
2,2,0,0,4,0,0,0,8,64,8,4,256,128,2,16,#2872
0,2,0,4,0,0,0,4,8,64,8,4,256,128,2,16,#2876
2,0,0,0,0,2,0,4,8,64,8,8,256,128,2,16,#2884
2,0,0,0,2,4,0,2,8,64,16,0,256,128,2,16,#2900
0,0,4,2,0,2,4,2,0,8,64,16,256,128,2,16,#2900
0,0,2,0,0,2,8,0,0,8,64,4,256,128,2,32,#2944
2,0,2,0,2,8,0,0,8,64,4,0,256,128,2,32,#2944
2,0,0,0,4,8,2,0,8,64,4,0,256,128,2,32,#2948
0,0,0,2,0,4,8,2,2,8,64,4,256,128,2,32,#2948
0,2,0,0,0,4,8,4,2,8,64,4,256,128,2,32,#2952
2,2,0,0,0,4,8,0,2,8,64,8,256,128,2,32,#2960
4,2,0,0,0,4,8,0,4,8,64,8,256,128,2,32,#2964
0,2,2,0,0,4,8,0,8,8,64,8,256,128,2,32,#2972
2,0,0,4,0,0,4,8,0,16,64,8,256,128,2,32,#2992
0,0,0,2,0,0,4,4,2,16,64,16,256,128,2,32,#3008
0,0,0,2,0,2,0,8,2,16,64,16,256,128,2,32,#3016
2,2,0,0,2,8,0,0,2,16,64,16,256,128,2,32,#3016
2,2,0,0,2,8,0,0,4,16,64,16,256,128,2,32,#3020
4,0,0,0,2,8,0,2,4,16,64,16,256,128,2,32,#3024
0,0,2,4,0,2,8,2,4,16,64,16,256,128,2,32,#3024
2,4,2,0,2,8,2,0,4,16,64,16,256,128,2,32,#3024
0,4,0,0,4,8,4,2,4,16,64,16,256,128,2,32,#3032
4,0,0,4,4,8,4,2,4,16,64,16,256,128,2,32,#3032
0,4,0,4,4,8,4,2,8,16,64,16,256,128,2,32,#3040
8,0,2,0,4,8,4,2,8,16,64,16,256,128,2,32,#3048
2,0,8,2,4,8,4,2,8,16,64,16,256,128,2,32,#3048
2,8,2,2,4,8,4,2,8,16,64,16,256,128,2,32,#3048
2,0,2,2,4,16,4,4,8,16,64,16,256,128,2,32,#3068
2,0,2,2,4,2,4,4,8,32,64,16,256,128,2,32,#3100
2,0,2,4,0,4,2,8,8,32,64,16,256,128,2,32,#3112
0,2,4,4,0,4,2,8,8,32,64,16,256,128,2,32,#3116
0,2,2,8,0,4,2,8,8,32,64,16,256,128,2,32,#3124
0,2,2,0,0,4,4,16,8,32,64,16,256,128,2,32,#3144
2,2,2,0,0,4,4,0,8,32,64,32,256,128,2,32,#3176
0,2,2,0,2,4,4,2,8,32,64,0,256,128,2,64,#3240
0,0,0,4,2,2,8,2,0,8,32,64,256,128,2,64,#3252
0,0,2,0,0,2,8,4,2,8,32,2,256,128,2,128,#3380
2,0,2,0,2,8,4,0,2,8,32,2,256,128,2,128,#3380
0,4,2,0,2,0,4,0,4,16,32,2,256,128,2,128,#3400
4,2,0,2,2,4,0,0,4,16,32,2,256,128,2,128,#3400
4,4,0,0,2,4,0,2,4,16,32,2,256,128,2,128,#3404
4,0,0,0,2,8,0,2,4,16,32,4,256,128,2,128,#3416
0,0,0,4,2,2,8,2,4,16,32,4,256,128,2,128,#3416
0,0,2,4,0,4,8,2,4,16,32,4,256,128,2,128,#3420
2,4,0,0,4,8,2,2,4,16,32,4,256,128,2,128,#3420
2,4,0,0,2,8,2,2,8,16,32,4,256,128,2,128,#3428
0,4,2,0,4,8,2,2,8,16,32,4,256,128,2,128,#3432
4,2,2,0,4,8,4,0,8,16,32,4,256,128,2,128,#3436
2,2,2,0,8,8,4,0,8,16,32,4,256,128,2,128,#3444
4,2,2,0,2,8,4,0,16,16,32,4,256,128,2,128,#3460
0,0,4,4,2,2,8,4,0,32,32,4,256,128,2,128,#3496
0,0,2,8,0,4,8,4,0,0,64,4,256,128,2,128,#3572
2,8,0,2,4,8,4,0,64,4,0,0,256,128,2,128,#3572
2,0,0,2,4,16,0,0,64,4,4,2,256,128,2,128,#3588
0,2,0,4,0,0,4,16,0,64,8,2,256,128,2,128,#3600
2,4,2,0,4,16,0,0,64,8,2,0,256,128,2,128,#3600
0,2,4,2,2,0,4,16,0,64,8,2,256,128,2,128,#3600
2,0,0,2,0,2,8,16,2,64,8,2,256,128,2,128,#3608
0,2,0,2,0,2,0,16,4,64,16,2,256,128,2,128,#3628
2,0,0,2,0,4,0,16,4,64,16,2,256,128,2,128,#3632
0,2,0,2,2,4,0,16,4,64,16,2,256,128,2,128,#3632
4,0,0,0,2,4,16,2,4,64,16,2,256,128,2,128,#3636
4,0,0,0,2,4,2,0,4,64,32,4,256,128,2,128,#3672
0,0,0,4,2,2,4,2,4,64,32,4,256,128,2,128,#3672
4,0,2,0,4,4,2,0,4,64,32,4,256,128,2,128,#3676
0,2,0,0,4,4,4,0,8,64,32,4,256,128,2,128,#3688
2,0,0,0,8,4,2,0,8,64,32,4,256,128,2,128,#3696
0,2,0,2,0,8,4,2,8,64,32,4,256,128,2,128,#3696
0,2,0,2,0,8,4,4,8,64,32,4,256,128,2,128,#3700
4,0,0,0,8,8,0,2,8,64,32,4,256,128,2,128,#3712
0,0,0,0,4,8,2,2,16,64,32,4,256,128,2,128,#3728
0,0,0,2,4,8,4,0,16,64,32,4,256,128,2,128,#3732
2,0,0,2,0,4,8,4,16,64,32,4,256,128,2,128,#3732
0,2,0,0,2,4,8,2,16,64,32,8,256,128,2,128,#3740
2,0,0,4,2,4,8,2,16,64,32,8,256,128,2,128,#3740
0,2,0,4,4,4,8,2,16,64,32,8,256,128,2,128,#3744
0,0,2,4,2,8,8,2,16,64,32,8,256,128,2,128,#3752
2,4,0,2,2,16,2,0,16,64,32,8,256,128,2,128,#3768
2,4,0,0,4,16,2,2,16,64,32,8,256,128,2,128,#3772
2,0,2,4,0,4,16,4,16,64,32,8,256,128,2,128,#3776
0,0,2,2,2,4,16,8,16,64,32,8,256,128,2,128,#3784
0,4,2,0,2,4,16,2,16,64,32,16,256,128,2,128,#3800
0,2,4,2,2,4,16,2,16,64,32,16,256,128,2,128,#3800
0,2,4,2,2,4,16,4,16,64,32,16,256,128,2,128,#3804
2,4,2,2,2,4,16,4,16,64,32,16,256,128,2,128,#3804
0,2,2,2,4,8,16,4,16,64,32,16,256,128,2,128,#3816
4,2,0,2,4,8,16,4,16,64,32,16,256,128,2,128,#3820
2,2,0,2,8,8,16,4,16,64,32,16,256,128,2,128,#3828
4,2,2,0,16,16,4,0,16,64,32,16,256,128,2,128,#3848
0,2,2,0,4,16,4,2,32,64,32,16,256,128,2,128,#3880
4,0,0,2,4,16,4,2,32,64,32,16,256,128,2,128,#3884
0,0,0,2,8,16,4,4,32,64,32,16,256,128,2,128,#3896
2,0,0,2,8,16,8,0,32,64,32,16,256,128,2,128,#3904
4,2,0,0,8,16,8,0,32,64,32,16,256,128,2,128,#3908
0,2,4,2,0,8,16,8,32,64,32,16,256,128,2,128,#3908
2,4,2,0,8,16,8,4,32,64,32,16,256,128,2,128,#3908
2,2,4,2,8,16,8,4,32,64,32,16,256,128,2,128,#3908
4,4,2,4,8,16,8,4,32,64,32,16,256,128,2,128,#3912
8,2,4,2,8,16,8,4,32,64,32,16,256,128,2,128,#3920
2,2,4,2,16,16,8,4,32,64,32,16,256,128,2,128,#3936
4,4,2,2,32,8,4,0,32,64,32,16,256,128,2,128,#3972
0,4,2,2,4,8,4,2,64,64,32,16,256,128,2,128,#4036
0,2,4,4,4,8,4,2,0,128,32,16,256,128,2,128,#4168
0,2,0,4,0,2,8,2,4,8,32,16,256,256,2,128,#4432
2,4,0,0,2,8,2,0,4,8,32,16,512,2,128,2,#4944
0,0,0,0,4,4,2,2,4,16,32,16,512,2,128,2,#4964
0,2,0,0,0,4,2,2,8,16,32,16,512,2,128,2,#4972
2,0,4,0,4,4,0,0,8,16,32,16,512,2,128,2,#4976
2,4,2,0,8,0,0,0,8,16,32,16,512,2,128,2,#4984
0,0,2,0,2,4,2,0,16,16,32,16,512,2,128,2,#5000
0,0,0,2,2,2,4,2,0,32,32,16,512,2,128,2,#5032
0,0,0,2,0,4,4,2,2,0,64,16,512,2,128,2,#5100
0,0,2,2,0,0,8,2,0,2,64,16,512,2,128,2,#5108
2,0,2,0,0,0,8,4,0,0,64,16,512,4,128,2,#5116
0,0,2,2,0,0,8,4,2,0,64,16,512,4,128,2,#5116
0,0,2,4,0,0,8,4,0,2,64,16,512,4,128,2,#5120
0,0,2,0,2,0,8,8,0,2,64,16,512,4,128,2,#5128
0,0,0,2,2,0,2,16,0,2,64,16,512,4,128,2,#5144
0,0,0,0,2,0,2,2,2,2,64,32,512,4,128,2,#5176
0,0,0,0,0,0,2,4,2,4,64,32,512,4,128,2,#5184
0,0,0,0,0,0,2,4,2,4,64,32,512,8,128,2,#5192
0,0,2,0,2,4,0,0,2,4,64,32,512,8,128,2,#5192
0,0,2,0,0,0,2,0,4,8,64,32,512,8,128,2,#5204
0,0,0,0,2,0,4,0,4,0,64,32,512,16,128,2,#5224
2,0,0,0,0,0,2,4,0,4,64,32,512,16,128,2,#5224
0,0,0,0,0,2,2,4,2,4,64,32,512,16,128,2,#5224
0,0,0,0,0,2,4,4,2,4,64,32,512,16,128,2,#5228
0,0,0,0,0,2,2,8,2,4,64,32,512,16,128,2,#5236
0,0,0,2,0,0,4,8,2,4,64,32,512,16,128,2,#5240
2,2,0,0,4,8,0,0,2,4,64,32,512,16,128,2,#5240
2,0,0,4,0,0,4,8,2,4,64,32,512,16,128,2,#5244
0,0,2,4,0,0,4,8,4,4,64,32,512,16,128,2,#5248
0,0,2,4,0,0,4,8,2,8,64,32,512,16,128,2,#5256
2,4,0,2,4,8,0,0,2,8,64,32,512,16,128,2,#5256
2,0,0,0,4,4,2,2,2,16,64,32,512,16,128,2,#5272
2,4,0,0,8,4,0,0,2,16,64,32,512,16,128,2,#5284
2,0,0,2,8,0,0,0,2,8,64,32,512,32,128,2,#5324
2,0,2,0,8,0,0,2,2,8,64,32,512,32,128,2,#5324
4,0,2,0,8,2,0,0,2,8,64,32,512,32,128,2,#5328
4,0,0,2,8,2,2,0,2,8,64,32,512,32,128,2,#5328
4,2,0,2,8,4,0,0,2,8,64,32,512,32,128,2,#5332
4,2,0,2,8,4,0,2,2,8,64,32,512,32,128,2,#5332
0,2,4,4,0,8,4,2,2,8,64,32,512,32,128,2,#5336
2,0,0,4,0,2,8,2,2,16,64,32,512,32,128,2,#5360
0,0,0,4,2,2,8,2,4,16,64,32,512,32,128,2,#5364
4,0,2,0,4,8,2,0,4,16,64,32,512,32,128,2,#5368
2,0,0,0,4,8,4,0,8,16,64,32,512,32,128,2,#5380
0,0,0,2,2,4,8,4,8,16,64,32,512,32,128,2,#5380
2,0,0,2,2,4,8,4,8,16,64,32,512,32,128,2,#5380
0,2,0,2,4,4,8,4,8,16,64,32,512,32,128,2,#5384
4,0,2,0,8,8,4,0,8,16,64,32,512,32,128,2,#5396
0,2,2,0,4,8,4,0,16,16,64,32,512,32,128,2,#5412
0,0,0,4,2,4,8,4,0,32,64,32,512,32,128,2,#5448
0,2,0,0,0,0,8,8,2,4,64,32,512,64,128,2,#5520
0,0,0,0,2,2,8,8,2,4,64,32,512,64,128,2,#5520
0,0,2,0,0,2,8,8,4,4,64,32,512,64,128,2,#5524
2,0,0,0,2,16,0,2,8,64,32,0,512,64,128,2,#5548
0,0,0,0,4,0,0,2,8,16,32,0,512,128,128,4,#5684
0,0,0,0,4,2,0,0,8,16,32,2,512,256,4,0,#5940
0,0,2,0,4,2,0,0,8,16,32,0,512,256,4,2,#5940
0,0,2,0,4,2,2,0,8,16,32,0,512,256,4,2,#5940
2,0,0,0,4,4,0,0,8,16,32,2,512,256,4,2,#5944
2,0,0,2,4,4,0,0,8,16,32,0,512,256,4,4,#5948
4,0,0,0,8,0,0,0,8,16,32,4,512,256,8,0,#5968
0,2,0,0,4,0,0,0,16,16,32,0,512,256,8,4,#5984
0,0,2,0,4,2,0,0,16,16,32,0,512,256,8,4,#5984
0,0,0,0,4,2,2,2,16,16,32,0,512,256,8,4,#5984
0,0,2,0,0,4,2,4,0,0,32,32,512,256,8,4,#6020
2,0,0,0,4,2,4,0,64,0,0,2,512,256,8,4,#6084
2,0,0,4,4,0,0,0,64,2,4,2,512,256,8,4,#6084
2,2,0,0,4,0,0,4,64,2,4,2,512,256,8,4,#6084
2,0,2,0,4,0,0,4,64,4,4,2,512,256,8,4,#6088
0,2,0,4,0,0,0,8,0,64,8,2,512,256,8,4,#6108
0,0,0,4,0,2,2,8,0,64,0,2,512,256,16,4,#6124
4,0,0,2,4,8,0,0,64,2,0,0,512,256,16,4,#6128
0,0,2,0,8,8,0,0,64,2,0,2,512,256,16,4,#6136
0,0,0,2,2,0,0,16,0,0,64,4,512,256,16,4,#6156
2,0,0,0,0,0,0,2,2,0,64,16,512,256,16,8,#6164
0,0,0,0,0,0,0,2,4,2,64,16,512,256,16,8,#6168
2,0,0,0,2,0,0,0,4,2,64,16,512,256,16,8,#6168
0,0,2,0,4,0,0,0,4,2,64,16,512,256,16,8,#6172
0,0,0,0,2,0,2,0,8,2,64,16,512,256,16,8,#6180
0,0,0,2,0,0,0,4,8,2,64,16,512,256,16,8,#6184
2,0,0,0,4,0,2,0,8,2,64,16,512,256,16,8,#6184
0,2,0,2,0,0,4,2,8,2,64,16,512,256,16,8,#6184
0,0,0,0,0,2,4,4,8,4,64,16,512,256,16,8,#6192
0,0,2,0,0,0,2,8,8,4,64,16,512,256,16,8,#6200
0,0,0,2,0,0,4,8,8,4,64,16,512,256,16,8,#6204
2,0,0,0,4,8,2,0,8,4,64,16,512,256,16,8,#6204
0,2,0,2,0,4,8,2,8,4,64,16,512,256,16,8,#6204
0,0,0,0,4,2,8,4,8,8,64,16,512,256,16,8,#6216
0,0,0,2,4,2,8,4,0,16,64,16,512,256,16,8,#6232
2,0,0,2,0,2,8,4,4,16,64,16,512,256,16,8,#6232
2,0,0,2,2,2,8,4,4,16,64,16,512,256,16,8,#6232
4,0,0,2,4,8,4,0,4,16,64,16,512,256,16,8,#6240
0,2,0,0,4,8,4,2,8,16,64,16,512,256,16,8,#6248
2,2,0,0,4,8,4,2,8,16,64,16,512,256,16,8,#6248
4,0,0,2,4,8,4,2,8,16,64,16,512,256,16,8,#6252
0,2,0,0,8,8,4,4,8,16,64,16,512,256,16,8,#6264
0,2,0,0,2,8,4,4,16,16,64,16,512,256,16,8,#6280
0,0,2,2,0,2,8,8,0,32,64,16,512,256,16,8,#6320
4,4,0,0,2,16,0,0,32,64,16,0,512,256,16,8,#6340
4,4,0,0,2,16,0,0,32,64,2,0,512,256,32,8,#6372
0,0,2,8,0,0,2,16,0,32,64,2,512,256,32,8,#6380
2,0,0,8,0,0,4,16,0,32,64,2,512,256,32,8,#6384
0,0,2,8,0,0,4,16,2,32,64,2,512,256,32,8,#6384
2,8,0,0,4,16,0,2,2,32,64,2,512,256,32,8,#6384
2,0,2,8,0,4,16,2,2,32,64,2,512,256,32,8,#6384
0,0,2,2,0,4,16,8,4,32,64,4,512,256,32,8,#6392
4,0,0,2,4,16,8,0,4,32,64,4,512,256,32,8,#6396
0,0,4,0,4,16,8,2,8,32,64,4,512,256,32,8,#6404
4,2,0,0,4,16,8,2,8,32,64,4,512,256,32,8,#6404
2,2,0,0,8,16,8,2,8,32,64,4,512,256,32,8,#6412
4,0,0,2,8,16,8,2,8,32,64,4,512,256,32,8,#6416
4,2,0,2,8,16,8,2,8,32,64,4,512,256,32,8,#6416
2,2,0,0,4,16,8,4,16,32,64,4,512,256,32,8,#6436
2,2,0,2,4,16,8,0,16,32,64,8,512,256,32,8,#6444
0,0,2,4,2,4,16,8,16,32,64,8,512,256,32,8,#6448
0,0,2,2,2,4,16,4,16,32,64,8,512,256,32,16,#6464
0,0,2,4,2,4,16,4,16,32,64,8,512,256,32,16,#6468
2,0,2,0,2,4,16,8,16,32,64,8,512,256,32,16,#6476
2,0,2,0,4,4,16,0,16,32,64,16,512,256,32,16,#6496
0,4,0,4,0,0,8,16,16,32,64,16,512,256,32,16,#6508
2,0,0,0,0,4,8,4,16,32,64,16,512,256,32,32,#6540
2,0,0,0,4,8,4,0,16,32,64,16,512,256,64,2,#6604
2,2,0,0,4,8,0,0,16,32,4,16,512,256,128,2,#6732
4,0,2,0,4,8,0,0,16,32,4,16,512,256,128,2,#6736
0,0,0,2,8,8,2,0,16,32,4,16,512,256,128,2,#6744
2,2,0,0,16,2,0,0,16,32,4,16,512,256,128,2,#6760
0,0,4,0,2,4,0,0,32,32,4,16,512,256,128,2,#6796
0,0,0,4,0,2,2,4,0,64,4,16,512,256,128,2,#6860
4,2,0,0,4,4,0,0,64,4,16,0,512,256,128,2,#6864
0,2,0,0,8,2,0,0,64,8,16,0,512,256,128,2,#6880
0,0,2,2,0,0,8,2,0,64,8,16,512,256,128,2,#6880
0,2,0,0,0,0,2,4,0,64,16,16,512,256,128,2,#6900
0,0,0,2,2,0,2,4,0,0,64,32,512,256,128,2,#6932
0,4,0,2,0,0,4,4,0,0,64,32,512,256,128,2,#6936
0,0,4,2,0,0,0,8,2,0,64,32,512,256,128,2,#6944
0,0,0,2,2,0,4,8,2,0,64,32,512,256,128,2,#6944
0,0,2,2,0,0,4,8,4,0,64,32,512,256,128,2,#6948
0,0,0,4,0,2,4,8,0,4,64,32,512,256,128,2,#6952
4,0,0,2,2,4,8,0,4,64,32,0,512,256,128,2,#6952
4,0,0,2,2,4,8,0,4,64,32,0,512,256,128,4,#6956
4,2,0,0,2,4,8,0,4,64,32,2,512,256,128,4,#6956
0,2,4,2,0,2,4,8,4,64,32,2,512,256,128,4,#6956
0,2,0,2,0,4,8,8,4,64,32,2,512,256,128,4,#6968
2,0,0,4,0,0,4,16,4,64,32,2,512,256,128,4,#6988
0,0,0,4,2,2,4,16,4,64,32,2,512,256,128,4,#6988
4,0,2,0,4,4,16,0,4,64,32,2,512,256,128,4,#6992
0,0,2,2,4,4,16,0,8,64,32,2,512,256,128,4,#7000
4,0,0,0,8,16,2,0,8,64,32,2,512,256,128,4,#7012
0,0,0,2,4,16,2,0,16,64,32,2,512,256,128,4,#7028
2,0,0,0,4,16,2,0,16,64,32,4,512,256,128,4,#7032
2,0,0,2,0,4,16,2,16,64,32,4,512,256,128,4,#7032
2,0,0,0,2,4,16,0,16,64,32,4,512,256,128,8,#7044
2,0,0,0,4,4,16,0,16,64,32,4,512,256,128,8,#7048
2,0,0,2,8,16,0,0,16,64,32,4,512,256,128,8,#7056
2,0,0,2,8,16,0,2,16,64,32,4,512,256,128,8,#7056
2,0,0,2,8,16,0,4,16,64,32,4,512,256,128,8,#7060
2,2,0,0,8,16,0,2,16,64,32,8,512,256,128,8,#7068
2,0,0,4,0,8,16,2,16,64,32,8,512,256,128,8,#7072
2,4,0,2,8,16,2,0,16,64,32,8,512,256,128,8,#7072
2,4,2,0,8,16,2,0,16,64,32,2,512,256,128,16,#7088
2,2,4,2,0,8,16,2,16,64,32,2,512,256,128,16,#7088
2,2,4,0,2,8,16,2,16,64,32,4,512,256,128,16,#7092
4,4,2,0,2,8,16,2,16,64,32,4,512,256,128,16,#7096
0,2,8,2,2,8,16,2,16,64,32,4,512,256,128,16,#7104
2,8,2,2,2,8,16,2,16,64,32,4,512,256,128,16,#7104
0,2,2,0,4,16,16,4,16,64,32,4,512,256,128,16,#7128
0,0,0,4,2,4,32,4,16,64,32,4,512,256,128,16,#7164
0,4,0,0,2,4,0,4,16,64,64,8,512,256,128,16,#7236
0,0,0,4,0,0,2,8,4,16,128,8,512,256,128,16,#7372
0,2,0,0,0,0,0,4,4,16,2,16,512,256,256,16,#7644
2,2,0,0,4,0,0,0,4,16,2,16,512,512,16,0,#8156
4,0,2,0,4,0,0,0,4,16,2,16,1024,16,0,0,#9184
0,0,0,0,4,0,0,2,8,0,0,0,1024,32,4,16,#9228
0,4,0,0,4,0,0,0,8,0,0,2,1024,32,4,16,#9228
4,0,0,0,4,0,0,2,8,2,0,0,1024,32,4,16,#9228
2,0,0,0,8,0,0,0,8,2,0,2,1024,32,4,16,#9236
2,0,0,0,8,0,0,0,8,4,2,0,1024,32,4,16,#9240
0,0,0,2,0,4,0,8,0,8,4,2,1024,32,4,16,#9240
0,0,0,2,2,4,0,8,0,8,0,2,1024,32,8,16,#9248
0,0,0,2,2,2,4,8,0,0,8,2,1024,32,8,16,#9248
0,2,0,2,0,0,0,8,2,2,4,2,1024,32,16,16,#9264
4,0,0,0,8,0,0,0,4,4,2,4,1024,32,32,0,#9304
4,0,0,0,8,0,0,0,8,2,4,0,1024,64,0,2,#9376
0,0,2,0,4,0,0,0,16,2,0,0,1024,64,4,2,#9392
0,0,2,0,4,0,0,0,16,2,2,0,1024,64,4,2,#9392
2,0,2,0,4,0,0,0,16,4,0,0,1024,64,4,2,#9396
2,0,2,0,4,0,0,0,16,4,2,0,1024,64,4,2,#9396
4,0,0,4,0,0,0,4,0,16,4,2,1024,64,4,2,#9400
0,0,0,0,2,0,0,0,4,16,0,8,1024,64,8,4,#9420
0,0,2,0,0,0,0,2,0,4,16,8,1024,64,8,4,#9420
2,0,0,0,0,0,2,2,0,4,16,8,1024,64,8,4,#9420
2,0,0,0,4,0,0,2,4,16,8,0,1024,64,8,4,#9424
2,0,0,0,2,0,0,0,8,16,0,2,1024,64,16,4,#9448
0,0,2,0,4,0,0,0,8,16,0,2,1024,64,16,4,#9452
0,0,0,0,4,2,0,0,8,16,2,2,1024,64,16,4,#9452
0,2,0,0,4,2,0,0,8,16,4,0,1024,64,16,4,#9456
2,0,0,2,0,0,4,2,0,8,16,4,1024,64,16,4,#9456
0,0,0,0,0,2,0,0,2,8,4,4,1024,64,32,8,#9500
0,0,0,0,2,0,0,0,2,8,8,2,1024,64,32,8,#9508
0,0,2,0,0,0,0,2,0,2,16,2,1024,64,32,8,#9524
0,0,2,0,0,0,2,0,0,2,16,4,1024,64,32,8,#9528
4,0,0,2,0,0,0,2,0,2,16,4,1024,64,32,8,#9528
0,0,0,0,0,2,0,4,4,2,16,4,1024,64,32,8,#9532
0,0,0,0,2,0,0,0,4,4,16,8,1024,64,32,8,#9544
0,0,0,0,2,0,0,0,4,4,16,2,1024,64,32,16,#9560
0,0,0,2,0,0,0,2,0,8,16,2,1024,64,32,16,#9568
2,0,0,0,0,0,0,2,0,8,16,4,1024,64,32,16,#9572
0,0,0,2,0,2,0,2,0,8,16,4,1024,64,32,16,#9572
0,0,0,0,0,2,4,4,0,8,16,4,1024,64,32,16,#9576
0,0,0,0,0,0,2,8,2,8,16,4,1024,64,32,16,#9584
0,0,0,0,2,8,0,2,2,8,16,4,1024,64,32,16,#9584
0,0,0,0,2,0,0,2,4,16,16,4,1024,64,32,16,#9604
4,0,0,0,0,0,0,4,0,4,32,4,1024,64,32,16,#9640
0,0,2,0,0,0,0,0,4,4,0,8,1024,64,64,16,#9712
2,0,0,0,0,0,0,0,8,8,0,0,1024,128,16,2,#9848
2,0,0,4,0,0,0,0,16,0,0,0,1024,128,16,2,#9864
0,2,0,0,2,0,0,0,16,0,0,4,1024,128,16,2,#9864
0,0,2,0,2,0,0,0,16,2,0,4,1024,128,16,2,#9864
0,0,2,0,2,0,0,0,16,2,2,4,1024,128,16,2,#9864
2,0,0,0,2,0,0,2,16,4,4,0,1024,128,16,2,#9868
2,0,0,0,4,0,0,2,16,8,0,0,1024,128,16,2,#9880
2,0,2,0,4,0,0,0,16,8,0,0,1024,128,16,4,#9884
2,0,0,0,4,2,0,0,16,8,2,0,1024,128,16,4,#9884
2,0,0,2,0,0,4,2,0,16,8,2,1024,128,16,4,#9884
0,0,2,0,0,0,4,2,2,16,8,4,1024,128,16,4,#9888
0,0,0,2,0,2,4,2,2,16,8,4,1024,128,16,4,#9888
0,0,2,0,0,2,4,0,2,16,8,4,1024,128,16,8,#9900
2,0,0,0,2,4,0,4,2,16,8,4,1024,128,16,8,#9900
0,0,0,2,2,4,0,0,4,16,8,8,1024,128,16,8,#9912
2,0,0,0,2,4,0,0,4,16,16,2,1024,128,16,8,#9928
4,0,0,0,4,4,0,0,4,16,0,2,1024,128,32,8,#9964
0,0,0,0,4,4,0,2,8,16,0,2,1024,128,32,8,#9972
0,0,0,0,8,2,0,2,8,16,2,0,1024,128,32,8,#9980
0,0,0,0,0,2,0,2,16,16,2,2,1024,128,32,8,#9996
0,0,0,0,0,0,2,4,0,0,32,4,1024,128,32,8,#10036
4,0,0,0,0,0,0,0,0,0,2,8,1024,128,64,8,#10108
0,0,0,0,0,0,0,2,4,0,2,0,1024,128,64,16,#10124
0,0,0,2,0,0,0,2,0,0,4,2,1024,128,64,16,#10124
0,0,0,0,0,0,2,2,0,0,4,4,1024,128,64,16,#10128
0,0,0,0,2,0,0,4,0,0,0,8,1024,128,64,16,#10140
0,2,0,0,0,0,0,4,2,0,0,8,1024,128,64,16,#10140
0,0,0,0,2,0,0,4,2,2,0,8,1024,128,64,16,#10140
0,0,0,0,2,0,2,4,0,0,4,8,1024,128,64,16,#10144
0,0,0,2,0,0,4,4,0,0,4,8,1024,128,64,16,#10148
0,0,0,2,0,4,0,8,0,0,4,8,1024,128,64,16,#10156
0,0,0,0,0,0,0,2,2,4,4,16,1024,128,64,16,#10172
0,0,0,2,0,0,0,0,2,4,4,2,1024,128,64,32,#10204
2,0,0,0,0,0,0,0,2,8,2,2,1024,128,64,32,#10212
0,0,0,2,0,2,0,0,0,2,8,4,1024,128,64,32,#10216
0,0,0,0,4,0,0,2,0,4,8,4,1024,128,64,32,#10220
0,0,0,2,0,0,4,2,0,4,8,4,1024,128,64,32,#10220
0,0,0,2,0,0,4,4,0,4,8,4,1024,128,64,32,#10224
0,0,2,0,0,0,4,2,0,4,8,8,1024,128,64,32,#10232
0,0,0,2,0,4,4,2,0,0,4,16,1024,128,64,32,#10248
0,0,0,0,0,2,0,4,0,4,8,16,1024,128,64,32,#10260
0,2,0,0,0,0,2,4,0,4,8,16,1024,128,64,32,#10260
0,2,0,0,0,2,2,4,0,4,8,16,1024,128,64,32,#10260
0,0,0,2,0,2,4,4,0,4,8,16,1024,128,64,32,#10264
0,0,0,2,0,2,2,8,0,4,8,16,1024,128,64,32,#10272
0,2,0,2,0,0,4,8,0,4,8,16,1024,128,64,32,#10276
4,0,0,0,4,8,0,4,4,8,16,0,1024,128,64,32,#10280
0,0,0,0,4,0,0,2,8,16,16,4,1024,128,64,32,#10304
2,0,0,0,0,0,4,2,0,8,32,4,1024,128,64,32,#10336
0,0,0,2,0,0,4,2,4,8,32,4,1024,128,64,32,#10336
0,2,0,0,0,0,4,4,4,8,32,4,1024,128,64,32,#10340
0,0,2,0,0,2,4,0,4,8,32,8,1024,128,64,32,#10348
2,0,0,2,0,0,2,4,4,8,32,8,1024,128,64,32,#10348
0,0,0,4,0,2,2,4,4,8,32,8,1024,128,64,32,#10352
0,0,0,2,0,2,2,8,4,8,32,8,1024,128,64,32,#10360
0,0,0,2,0,2,2,2,4,8,32,16,1024,128,64,32,#10376
0,4,0,0,0,2,2,4,4,8,32,16,1024,128,64,32,#10380
0,2,0,4,0,0,4,4,4,8,32,16,1024,128,64,32,#10384
0,0,2,4,0,0,2,8,4,8,32,16,1024,128,64,32,#10392
2,0,0,4,0,0,4,8,4,8,32,16,1024,128,64,32,#10396
4,0,2,4,0,0,4,8,4,8,32,16,1024,128,64,32,#10396
0,0,2,4,2,0,4,8,8,8,32,16,1024,128,64,32,#10404
0,0,2,4,0,2,4,8,4,16,32,16,1024,128,64,32,#10420
2,4,0,0,2,4,8,2,4,16,32,16,1024,128,64,32,#10420
2,0,0,0,4,8,8,2,4,16,32,16,1024,128,64,32,#10432
0,2,0,2,0,4,16,2,4,16,32,16,1024,128,64,32,#10448
0,2,0,2,0,4,16,4,4,16,32,16,1024,128,64,32,#10452
0,0,2,4,0,4,16,4,4,16,32,16,1024,128,64,32,#10456
0,2,2,0,0,4,16,8,4,16,32,16,1024,128,64,32,#10464
0,2,0,4,0,4,16,8,4,16,32,16,1024,128,64,32,#10468
0,0,2,4,2,4,16,8,4,16,32,16,1024,128,64,32,#10468
2,4,0,2,2,4,16,8,4,16,32,16,1024,128,64,32,#10468
2,0,0,2,4,8,16,8,4,16,32,16,1024,128,64,32,#10480
0,2,0,2,2,8,16,8,8,16,32,16,1024,128,64,32,#10488
4,2,0,0,2,8,16,8,8,16,32,16,1024,128,64,32,#10492
2,0,4,2,2,8,16,8,8,16,32,16,1024,128,64,32,#10492
2,2,4,2,2,8,16,8,8,16,32,16,1024,128,64,32,#10492
2,4,4,2,2,8,16,8,8,16,32,16,1024,128,64,32,#10496
2,2,8,2,2,8,16,8,8,16,32,16,1024,128,64,32,#10504
4,8,2,2,2,8,16,8,8,16,32,16,1024,128,64,32,#10508
4,2,2,2,2,16,16,8,8,16,32,16,1024,128,64,32,#10524
4,4,2,2,2,2,16,8,8,32,32,16,1024,128,64,32,#10556
0,2,8,4,0,4,16,8,0,8,64,16,1024,128,64,32,#10636
0,2,0,4,0,4,8,8,2,8,16,16,1024,128,128,32,#10764
2,4,4,0,4,16,0,0,2,8,32,0,1024,256,32,0,#11068
2,4,0,0,4,16,0,0,2,8,4,2,1024,256,64,0,#11132
2,4,2,0,4,16,0,0,2,8,4,0,1024,256,64,2,#11132
2,4,2,0,4,16,2,0,2,8,4,0,1024,256,64,2,#11132
2,4,0,2,4,16,4,0,2,8,4,0,1024,256,64,2,#11136
2,4,0,0,4,16,0,0,2,8,8,4,1024,256,64,4,#11148
2,4,0,0,4,16,0,0,2,8,8,2,1024,256,64,8,#11156
0,2,2,4,0,0,4,16,0,2,16,2,1024,256,64,8,#11172
4,4,0,0,4,16,0,0,2,16,2,2,1024,256,64,8,#11176
0,2,0,0,8,4,0,0,2,32,2,2,1024,256,64,8,#11216
2,0,0,4,8,4,0,0,2,32,4,0,1024,256,64,8,#11220
2,0,0,0,8,4,0,2,2,32,4,4,1024,256,64,8,#11220
2,0,0,2,8,4,2,0,2,32,8,0,1024,256,64,8,#11228
0,0,0,4,2,8,4,2,0,2,32,8,1024,256,64,8,#11232
0,0,2,0,0,8,4,4,2,2,32,2,1024,256,64,16,#11248
0,2,0,2,0,0,8,8,0,4,32,2,1024,256,64,16,#11260
0,2,0,4,0,0,0,16,0,4,32,2,1024,256,64,16,#11280
0,0,0,4,0,2,0,16,4,4,32,2,1024,256,64,16,#11280
4,0,0,0,2,16,0,0,8,32,2,2,1024,256,64,16,#11288
0,0,2,4,0,0,2,16,0,8,32,4,1024,256,64,16,#11292
0,0,0,4,2,0,4,16,0,8,32,4,1024,256,64,16,#11296
0,0,0,4,2,0,4,16,2,8,32,4,1024,256,64,16,#11296
0,0,0,4,2,0,4,16,4,8,32,4,1024,256,64,16,#11300
4,0,0,2,2,4,16,0,4,8,32,4,1024,256,64,16,#11300
4,0,0,2,2,4,16,2,4,8,32,4,1024,256,64,16,#11300
0,4,4,2,2,4,16,2,4,8,32,4,1024,256,64,16,#11300
2,0,4,0,2,8,16,4,4,8,32,4,1024,256,64,16,#11312
0,2,2,4,2,8,16,4,4,8,32,4,1024,256,64,16,#11312
0,0,2,4,2,2,16,4,4,16,32,8,1024,256,64,16,#11336
2,0,2,0,2,2,16,8,4,16,32,8,1024,256,64,16,#11344
0,0,2,0,4,2,16,2,4,16,32,16,1024,256,64,16,#11364
2,0,2,0,4,2,16,2,4,16,32,16,1024,256,64,16,#11364
0,0,2,0,2,2,16,2,8,16,32,2,1024,256,64,32,#11404
0,0,2,0,2,2,16,4,8,16,32,4,1024,256,64,32,#11408
0,0,2,0,2,2,16,2,8,16,32,8,1024,256,64,32,#11416
2,0,0,2,0,4,16,2,8,16,32,8,1024,256,64,32,#11420
2,0,0,0,2,4,16,4,8,16,32,8,1024,256,64,32,#11424
0,2,0,0,4,4,16,4,8,16,32,8,1024,256,64,32,#11428
2,0,0,2,8,16,4,0,8,16,32,8,1024,256,64,32,#11436
0,0,2,0,2,0,4,2,16,32,32,8,1024,256,64,32,#11484
2,0,0,2,0,2,4,2,0,16,64,8,1024,256,64,32,#11548
0,0,0,0,2,2,0,4,2,16,4,8,1024,256,128,32,#11680
2,0,0,0,4,4,0,0,2,16,4,8,1024,256,128,32,#11684
0,0,0,2,0,4,0,8,2,16,4,8,1024,256,128,32,#11692
0,0,2,0,0,4,0,2,2,16,4,16,1024,256,128,32,#11708
0,0,0,0,2,4,2,2,2,16,4,16,1024,256,128,32,#11708
0,0,0,2,0,2,4,4,2,16,4,16,1024,256,128,32,#11712
0,4,0,2,0,0,2,8,2,16,4,16,1024,256,128,32,#11720
4,2,2,0,2,8,0,0,2,16,4,16,1024,256,128,32,#11720
2,2,0,0,4,8,2,0,4,16,4,16,1024,256,128,32,#11724
2,0,0,4,0,4,8,2,4,16,4,16,1024,256,128,32,#11728
0,0,2,4,2,4,8,2,4,16,4,16,1024,256,128,32,#11728
2,4,2,0,2,4,8,2,4,16,4,16,1024,256,128,32,#11728
0,2,2,0,4,8,8,2,4,16,4,16,1024,256,128,32,#11740
0,2,2,2,0,8,8,2,8,16,4,16,1024,256,128,32,#11748
4,2,0,2,16,2,0,0,8,16,4,16,1024,256,128,32,#11768
4,0,0,0,16,4,2,2,8,16,4,16,1024,256,128,32,#11772
0,2,0,4,0,16,4,4,8,16,4,16,1024,256,128,32,#11776
0,0,0,0,2,2,0,8,8,32,8,16,1024,256,128,32,#11824
0,0,0,2,4,8,0,0,8,32,8,16,1024,256,128,32,#11828
0,0,4,0,4,8,0,2,8,32,8,16,1024,256,128,32,#11828
0,0,2,4,0,4,8,2,8,32,8,16,1024,256,128,32,#11828
0,0,2,4,0,4,2,2,8,32,16,16,1024,256,128,32,#11844
0,2,2,4,0,0,4,4,0,8,32,32,1024,256,128,32,#11880
0,0,2,0,0,2,4,2,0,8,32,8,1024,256,128,64,#11952
0,0,0,2,2,2,4,2,0,8,32,8,1024,256,128,64,#11952
0,0,0,0,2,2,4,4,2,8,32,8,1024,256,128,64,#11956
2,0,0,0,0,2,4,4,4,8,32,8,1024,256,128,64,#11960
0,0,0,2,2,2,4,4,4,8,32,8,1024,256,128,64,#11960
2,0,0,2,4,8,0,0,4,8,32,8,1024,256,128,64,#11972
0,2,0,0,2,0,0,2,8,16,32,8,1024,256,128,64,#11996
0,0,2,0,2,2,0,2,8,16,32,8,1024,256,128,64,#11996
0,2,0,0,2,2,2,2,8,16,32,8,1024,256,128,64,#11996
2,0,0,0,4,4,0,2,8,16,32,8,1024,256,128,64,#12004
2,2,0,0,8,2,0,0,8,16,32,8,1024,256,128,64,#12012
0,2,0,0,2,4,0,0,16,16,32,8,1024,256,128,64,#12032
0,2,0,2,0,0,2,4,0,32,32,8,1024,256,128,64,#12064
0,0,0,4,0,0,2,4,2,0,64,8,1024,256,128,64,#12132
0,0,2,0,0,0,2,8,2,0,64,8,1024,256,128,64,#12140
0,0,0,0,0,0,4,2,2,0,64,16,1024,256,128,64,#12160
0,0,0,2,0,0,4,2,0,2,64,16,1024,256,128,64,#12160
0,0,0,2,0,0,4,4,0,2,64,16,1024,256,128,64,#12164
0,0,0,2,0,0,2,8,0,2,64,16,1024,256,128,64,#12172
2,0,0,0,2,8,0,2,2,64,16,0,1024,256,128,64,#12172
0,2,0,0,2,8,0,0,4,64,16,2,1024,256,128,64,#12176
2,0,0,0,2,8,2,0,4,64,16,2,1024,256,128,64,#12176
0,0,0,0,4,8,2,2,4,64,16,2,1024,256,128,64,#12180
2,0,0,0,0,8,2,0,8,64,16,4,1024,256,128,64,#12192
2,0,0,2,0,0,8,2,8,64,16,4,1024,256,128,64,#12192
0,0,0,0,2,2,8,4,8,64,16,4,1024,256,128,64,#12196
0,0,2,0,2,2,8,0,8,64,16,8,1024,256,128,64,#12204
0,0,0,2,2,0,4,8,8,64,16,8,1024,256,128,64,#12208
0,0,0,0,2,2,4,2,8,64,16,16,1024,256,128,64,#12224
2,0,0,0,0,4,4,2,0,8,64,32,1024,256,128,64,#12260
0,0,0,2,0,2,8,2,0,8,64,32,1024,256,128,64,#12268
0,0,0,0,4,2,8,4,0,8,64,32,1024,256,128,64,#12272
0,0,4,0,0,2,8,4,4,8,64,32,1024,256,128,64,#12272
0,0,4,4,0,2,8,4,4,8,64,32,1024,256,128,64,#12272
0,0,4,0,2,2,8,8,4,8,64,32,1024,256,128,64,#12280
0,0,2,4,0,0,4,16,4,8,64,32,1024,256,128,64,#12300
2,4,0,0,4,16,2,0,4,8,64,32,1024,256,128,64,#12300
4,0,2,4,0,4,16,2,4,8,64,32,1024,256,128,64,#12300
0,4,2,4,2,4,16,2,4,8,64,32,1024,256,128,64,#12300
0,2,2,4,2,8,16,2,4,8,64,32,1024,256,128,64,#12308
2,0,2,4,2,2,16,2,4,16,64,32,1024,256,128,64,#12324
4,4,2,0,4,16,2,0,4,16,64,32,1024,256,128,64,#12332
0,0,0,0,4,4,4,2,8,32,64,32,1024,256,128,64,#12376
0,2,0,0,8,4,2,0,8,32,64,32,1024,256,128,64,#12384
0,2,0,2,0,4,2,0,16,32,64,32,1024,256,128,64,#12400
0,2,0,0,2,4,2,2,16,32,64,32,1024,256,128,64,#12400
2,0,0,2,0,2,4,4,16,32,64,32,1024,256,128,64,#12404
2,0,0,4,0,0,2,8,16,32,64,32,1024,256,128,64,#12416
0,0,2,4,0,4,2,8,16,32,64,32,1024,256,128,64,#12416
0,0,4,4,0,4,4,8,16,32,64,32,1024,256,128,64,#12420
0,0,2,8,0,0,8,8,16,32,64,32,1024,256,128,64,#12436
2,8,0,0,16,0,2,0,16,32,64,32,1024,256,128,64,#12452
0,0,0,2,2,8,2,0,32,32,64,32,1024,256,128,64,#12484
0,2,0,0,2,8,2,2,32,32,64,32,1024,256,128,64,#12484
0,0,0,2,0,2,8,4,2,64,64,32,1024,256,128,64,#12552
2,2,0,0,2,8,4,0,2,128,32,0,1024,256,128,64,#12680
0,2,0,2,2,8,4,0,4,128,32,0,1024,256,128,64,#12684
0,0,0,4,2,2,8,4,0,4,128,32,1024,256,128,64,#12688
0,0,0,0,2,2,0,8,2,4,8,32,1024,256,256,64,#12952
0,0,0,0,4,8,0,0,2,4,8,32,1024,512,64,2,#13468
0,0,2,0,0,0,4,8,2,4,8,32,1024,512,64,2,#13468
2,0,0,2,0,0,4,8,2,4,8,32,1024,512,64,2,#13468
0,0,0,2,0,2,4,8,4,4,8,32,1024,512,64,2,#13472
2,2,0,0,2,4,8,0,8,8,32,0,1024,512,64,2,#13480
4,0,0,2,2,4,8,0,16,32,0,0,1024,512,64,2,#13500
4,0,0,0,2,4,0,2,16,32,8,0,1024,512,64,4,#13504
4,0,0,2,2,4,0,0,16,32,8,2,1024,512,64,4,#13504
4,2,0,0,2,4,0,0,16,32,8,4,1024,512,64,4,#13508
4,2,0,0,2,4,4,0,16,32,8,0,1024,512,64,8,#13516
4,0,4,2,0,0,2,8,0,16,32,8,1024,512,64,8,#13524
0,0,4,2,0,0,2,2,4,16,32,8,1024,512,64,16,#13540
0,2,4,0,0,0,2,4,4,16,32,8,1024,512,64,16,#13544
0,0,2,4,0,4,2,4,4,16,32,8,1024,512,64,16,#13544
2,0,0,0,0,4,4,8,4,16,32,8,1024,512,64,16,#13556
2,0,0,0,2,4,4,0,4,16,32,16,1024,512,64,16,#13572
2,0,0,2,0,0,2,8,4,16,32,16,1024,512,64,16,#13580
0,0,0,4,2,0,2,8,4,16,32,16,1024,512,64,16,#13584
0,0,0,4,2,0,4,8,4,16,32,16,1024,512,64,16,#13588
2,0,0,0,2,0,4,4,4,16,32,8,1024,512,64,32,#13620
0,0,2,2,0,0,2,8,4,16,32,8,1024,512,64,32,#13628
0,0,0,0,0,4,4,2,4,16,32,16,1024,512,64,32,#13648
0,0,2,0,0,0,8,2,4,16,32,16,1024,512,64,32,#13656
2,0,0,2,0,0,8,2,4,16,32,16,1024,512,64,32,#13656
4,0,0,0,8,2,2,0,4,16,32,16,1024,512,64,32,#13660
4,0,0,0,8,4,0,2,4,16,32,16,1024,512,64,32,#13664
0,2,0,4,0,8,4,2,4,16,32,16,1024,512,64,32,#13664
2,4,0,0,8,4,2,2,4,16,32,16,1024,512,64,32,#13664
2,2,0,0,8,8,2,2,4,16,32,16,1024,512,64,32,#13672
4,0,0,0,16,4,0,2,4,16,32,16,1024,512,64,32,#13696
0,0,0,4,2,16,4,2,4,16,32,16,1024,512,64,32,#13696
0,0,2,4,2,0,4,2,4,32,32,16,1024,512,64,32,#13728
0,0,2,4,4,2,4,2,0,4,64,16,1024,512,64,32,#13792
0,2,0,4,0,2,2,2,4,4,4,16,1024,512,128,32,#13920
0,0,2,4,0,0,2,4,2,4,8,16,1024,512,128,32,#13932
0,0,0,0,0,2,4,8,2,4,8,16,1024,512,128,32,#13944
0,0,2,0,2,4,8,0,2,4,8,16,1024,512,128,32,#13944
0,0,2,0,0,0,2,0,4,8,16,16,1024,512,128,32,#13972
0,0,0,0,0,2,4,0,4,8,16,16,1024,512,128,32,#13976
0,0,0,0,2,4,0,0,4,8,32,2,1024,512,128,32,#14008
0,0,0,0,0,2,2,4,4,8,32,2,1024,512,128,32,#14008
0,0,2,0,0,0,4,4,4,8,32,2,1024,512,128,32,#14012
0,0,0,2,0,0,2,8,4,8,32,2,1024,512,128,32,#14020
2,0,2,0,2,8,0,0,4,8,32,2,1024,512,128,32,#14020
0,0,0,0,4,0,2,2,4,16,32,2,1024,512,128,32,#14040
0,0,0,2,0,0,4,4,4,16,32,2,1024,512,128,32,#14044
0,0,0,2,0,0,2,8,4,16,32,2,1024,512,128,32,#14052
2,0,2,0,2,8,0,0,4,16,32,2,1024,512,128,32,#14052
0,2,0,0,4,8,2,0,4,16,32,2,1024,512,128,32,#14056
